c	[ 0.19981286 -0.05359859  0.16593567  0.04020308 -0.03073395 -0.11958707
 -0.08464749  0.00471162  0.03070294 -0.25033006  0.06800086 -0.09099122
  0.02744518 -0.11011505 -0.12919532 -0.1230618  -0.00367882  0.06065316
 -0.14522108 -0.06657677  0.15309346  0.12076889  0.16670914  0.0376552
 -0.08740465 -0.01408497 -0.00286634 -0.04763158 -0.01913366  0.13555007
 -0.16190463 -0.06181572  0.08476624  0.17994669  0.04592895 -0.05431388
 -0.03620328 -0.05366523  0.00391705  0.05953864 -0.14887625  0.05719655
 -0.00701572  0.07262347  0.11218366 -0.02758389  0.09112445 -0.07540634
 -0.0572463  -0.04721091  0.00477109  0.00948251  0.03248527 -0.02139019
 -0.06359899  0.08804105 -0.09269175  0.14547706  0.06773441 -0.11657856
 -0.12604362 -0.0936948  -0.00870758 -0.0957894   0.01459118  0.05010352
  0.03657821 -0.02350568 -0.01775423  0.04760108  0.00912322 -0.05862226
 -0.00049368  0.0787785   0.01673295 -0.02544948 -0.0193681   0.02354407
  0.06994691  0.12667687 -0.02122148 -0.06715013  0.02351671  0.05983965
  0.01646513 -0.02087282  0.02872014  0.0685406   0.06496722  0.03689845
  0.06351729 -0.03349711  0.00308499 -0.01761978  0.04992213 -0.03478609
 -0.16439907  0.01804903  0.04707987 -0.04265519 -0.16431253  0.06722105
 -0.04612383  0.07910456  0.06714401  0.06160064  0.13311894 -0.08452437
  0.01290139  0.0589349  -0.10236944 -0.00136883  0.04296007 -0.09954292
 -0.06937639 -0.13870311  0.01457877 -0.02610005  0.12507197  0.00116084
 -0.04256582  0.12329886 -0.11332238  0.10361578 -0.10334542  0.16896655
  0.09923435 -0.06641291]		C	[ 0.115065    0.09686256 -0.03792787  0.05050934 -0.07900613  0.0419844
 -0.00525722  0.08623026 -0.0305302  -0.14590673 -0.01049654 -0.12586974
  0.06041269 -0.17319599 -0.11812367 -0.1611212  -0.07962581  0.03966855
 -0.18420188 -0.02710781  0.05044739  0.11520999  0.05912894  0.0587833
 -0.22145936 -0.08451414  0.0127288  -0.1084222  -0.10155603  0.0974535
 -0.17642331 -0.09893609  0.05188338  0.11589284  0.12597518  0.03203737
  0.02537651 -0.0335513   0.02949579  0.00411352 -0.15833683  0.07076418
 -0.04831619  0.07049054  0.12013488 -0.02302307  0.06016532 -0.10977389
 -0.04729901 -0.04231894  0.05281182 -0.00976926  0.01396351 -0.03558045
 -0.02671593  0.09379212 -0.11750818  0.12137213  0.04750859 -0.06665836
 -0.11561443 -0.13105054  0.02469346 -0.11412954  0.05692727  0.03237148
  0.04669792  0.00041874  0.02650313 -0.04159842 -0.00136324 -0.09326657
 -0.0441336   0.01027475 -0.01017094 -0.03854844 -0.00293892 -0.01011797
  0.02901651  0.08829065  0.02550049  0.02534615 -0.00387979  0.09023235
  0.00765293  0.02641039  0.01053941  0.05425315  0.00111706  0.02093899
  0.03779345 -0.04903016  0.02645056 -0.00252136  0.10270696  0.0057411
 -0.21557407  0.00255409  0.03887981 -0.06939591 -0.2052136   0.09433159
  0.02026872  0.15479292  0.11470032  0.0247338   0.16084094 -0.13646099
  0.07726441  0.0602644  -0.09149842  0.00078814  0.07082235 -0.07018432
 -0.09822357 -0.11343448  0.01578149 -0.05829902  0.06874871 -0.03004135
 -0.04115462  0.15518294 -0.06272508  0.05156736 -0.05007604  0.15522498
  0.09872123 -0.04427749]		)	[ 8.69611837e-03  1.31229267e-01 -5.94698079e-02 -2.03947201e-02
  6.74918145e-02  1.35022691e-02 -9.04754475e-02  7.29113724e-03
 -3.29376459e-02 -1.85287416e-01  1.05984479e-01 -1.53228089e-01
  6.93890899e-02 -8.63952041e-02 -6.84734583e-02 -1.22317530e-01
 -4.37190719e-02 -5.00165345e-03 -1.30643889e-01 -3.46546695e-02
  8.36517364e-02  9.18047056e-02  6.53320178e-02  3.85758616e-02
 -2.08946437e-01 -1.23036668e-01  5.01916334e-02 -8.05427581e-02
 -1.02519579e-01  1.52506962e-01 -1.48484692e-01 -7.24817887e-02
  6.87286779e-02  6.27471134e-02  1.05075121e-01 -2.65782438e-02
 -1.19989284e-03  4.50444687e-03 -2.91385632e-02  1.32672228e-02
 -1.39292136e-01  3.81712355e-02 -1.86574981e-02  1.14034966e-01
  1.35393515e-01  7.62296328e-03  8.06998760e-02 -6.72415122e-02
 -3.66876014e-02 -8.93391698e-05  1.46393257e-04  3.38756777e-02
  5.84626533e-02 -3.79026458e-02 -1.88424084e-02  7.54716694e-02
 -1.13840736e-01  1.35354221e-01  5.69327399e-02 -4.76890653e-02
 -7.82254785e-02 -1.41363055e-01  6.06498821e-03 -1.17679618e-01
  3.21228877e-02  4.43561003e-02  4.92679141e-02  3.17029767e-02
  4.48268792e-03 -4.57493663e-02  1.08862948e-02 -8.08553994e-02
 -3.91763337e-02 -2.62952596e-03 -3.14459689e-02 -2.17214730e-02
  1.17571699e-02  1.94953773e-02  5.17206155e-02  8.92021433e-02
 -1.64200701e-02 -2.99207121e-02  5.76609708e-02  1.15290426e-01
 -4.57573570e-02  3.44216004e-02  8.20592865e-02  9.23552439e-02
  4.72604707e-02  1.15856871e-01  4.26827706e-02 -6.05917675e-03
  8.77445005e-03 -5.07331528e-02  1.21372610e-01 -3.89000867e-03
 -2.66446859e-01 -1.83131080e-02  7.41864741e-02 -5.13710119e-02
 -2.24757105e-01  9.79728997e-02  1.37137137e-02  1.09265253e-01
  1.48333430e-01 -6.29527145e-04  2.04204842e-01 -9.46509689e-02
  1.40241766e-02  5.95995598e-02 -1.44812942e-01 -3.44562195e-02
  7.86089376e-02 -8.36390778e-02 -9.30602849e-02 -1.70750290e-01
  7.37433648e-03 -2.74987463e-02  1.31986931e-01 -1.56173650e-02
 -6.63867146e-02  1.15168080e-01 -9.53911245e-02  9.75229889e-02
 -8.95335749e-02  1.61750466e-01  1.51208460e-01 -3.94257680e-02]		(	[ 1.73936076e-02  1.50028273e-01  4.50769998e-02 -6.41124174e-02
  6.96457848e-02  1.89885478e-02 -6.35582730e-02 -3.31557840e-02
  6.62201270e-02 -1.76917672e-01 -5.78600988e-02 -1.28243044e-01
  6.98177665e-02 -1.15896754e-01 -8.64748433e-02 -1.39735535e-01
 -7.59610906e-02  5.00365868e-02 -9.30893421e-02 -4.38046791e-02
  6.90080151e-02  6.57041743e-02  9.66166258e-02  7.80062824e-02
 -2.05324650e-01 -1.26357481e-01  3.16547230e-02 -1.18360832e-01
 -5.76175787e-02  1.95010394e-01 -2.06927612e-01 -8.12037662e-02
  5.78470416e-02  9.18278173e-02  7.00820833e-02 -3.36300433e-02
  7.80669972e-03 -1.37368608e-02  9.17175319e-03 -3.86097439e-04
 -1.08574055e-01  4.42962311e-02 -5.31152915e-03  9.47280601e-02
  1.51114032e-01  2.04080082e-02  1.12727113e-01 -6.23109452e-02
 -3.56098302e-02 -1.01718237e-03  7.38564471e-04  6.82352483e-02
  7.55664036e-02 -8.18980113e-02 -3.59708928e-02  7.43721724e-02
 -7.69893751e-02  1.80945963e-01  6.17654212e-02 -7.91915581e-02
 -5.54953739e-02 -1.17468379e-01  8.60890653e-03 -1.07968308e-01
  1.92486681e-02  5.45413271e-02  3.54108438e-02  4.38010730e-02
 -2.52938666e-03 -3.74891199e-02  3.05977203e-02 -8.12391490e-02
 -4.25136685e-02 -2.53534708e-02 -1.92169752e-02 -1.19070634e-02
 -3.91486939e-03 -2.47344258e-03  4.95544858e-02  7.98889101e-02
 -2.23753770e-04 -4.35886905e-02  3.08301998e-03  8.00502077e-02
  4.90881177e-03  1.61086917e-02  4.20562550e-02  6.17000423e-02
  1.99149493e-02  2.89708879e-02  4.69577834e-02 -1.49025945e-02
  1.19075784e-02 -5.59070930e-02  9.99290794e-02 -1.38584804e-02
 -2.48719156e-01 -8.56396090e-03  6.47061393e-02 -5.19428700e-02
 -2.06232414e-01  8.83339345e-02  3.00554768e-03  1.07391044e-01
  1.35269284e-01  1.13492003e-02  1.91303834e-01 -1.01758607e-01
 -1.57235451e-02  6.43224567e-02 -1.30327478e-01 -2.71111857e-02
  6.98722750e-02 -8.06919113e-02 -1.17058359e-01 -1.73430979e-01
  7.09049404e-04 -4.39310819e-02  1.41355753e-01 -2.19851807e-02
 -8.72229636e-02  1.32847220e-01 -8.86763632e-02  1.26798943e-01
 -1.07001811e-01  2.25749552e-01  2.01328769e-01  1.27926962e-02]		1	[ 0.13333647  0.1384855   0.18121928  0.01120535  0.00579192 -0.03795566
  0.08503769 -0.0046745   0.01503061 -0.23716071 -0.0209412  -0.1666144
  0.02452114 -0.15373708 -0.122462   -0.13194288 -0.07596426  0.08250811
 -0.12726243 -0.0114284   0.10439286  0.11233344  0.12202716  0.07807693
 -0.1412522   0.02678128 -0.04031214 -0.06508925 -0.05344389  0.0432618
 -0.11830398 -0.05150875  0.04819669  0.04709931  0.10965443  0.00463415
  0.00533711 -0.03189865  0.00851274  0.05202161 -0.1533216   0.07970004
 -0.03476262  0.00626457  0.1400918  -0.0280346   0.06983838 -0.08528043
 -0.0362008  -0.00068919 -0.01414102  0.02345013  0.02440276 -0.02879744
 -0.03612432  0.07913341 -0.083116    0.14322403  0.05535587 -0.09649102
 -0.08801368 -0.02717168 -0.00284628 -0.07101058  0.05532284  0.02832428
  0.02805468 -0.03628233  0.0312303   0.0025325  -0.01807618 -0.04557744
  0.00731081  0.00797251  0.0188925  -0.04444216 -0.01069001  0.02251897
  0.04912359  0.12092423  0.01087655 -0.0075637  -0.00910198  0.05447606
  0.02203017  0.01662647 -0.00575796  0.09236646  0.01786875  0.0441982
  0.06554276 -0.05068389  0.02017592 -0.03607585  0.09151739 -0.08787498
 -0.20467891  0.01428056  0.07938482 -0.02197714 -0.186033    0.08254045
 -0.03383261  0.12406718  0.09622477  0.06824867  0.14170112 -0.0845795
  0.06703503  0.02512735 -0.08202837  0.01371037  0.07080062 -0.1440815
 -0.03653055 -0.10868269 -0.00512303 -0.02682523  0.09026226  0.00287417
 -0.00315109  0.09114111 -0.11616249  0.05335559 -0.07199401  0.3271346
  0.13155212 -0.06075612]		O	[ 0.1527031   0.0333624   0.16300264 -0.01152669 -0.03279061 -0.08042142
 -0.00770166 -0.04342997 -0.00442501 -0.2907348  -0.00820332 -0.15407988
  0.01195741 -0.1219286  -0.1089502  -0.1642691  -0.09157193  0.07343632
 -0.10848761 -0.08585375  0.10957228  0.11395537  0.10440455  0.03498763
 -0.16341452  0.08627963 -0.03030124 -0.00293911 -0.11994714  0.09097432
 -0.08960962 -0.06738567  0.078627    0.08315586  0.11954137 -0.0519734
 -0.06239356 -0.0353153  -0.03472924  0.09513669 -0.17984481  0.05230581
 -0.03939085  0.07657649  0.13154499 -0.03320184  0.07549972 -0.01353465
 -0.0229679   0.04510093 -0.0823166   0.07733358  0.05228572 -0.04706198
 -0.0459778   0.06014578 -0.0591746   0.15810375  0.07499839 -0.04856741
 -0.10747695 -0.03298759 -0.0143241  -0.1117852   0.02881247  0.00093258
 -0.01081002 -0.03709717 -0.01174557  0.0361723  -0.01983349 -0.05955727
  0.04605692  0.027163    0.02137048 -0.02568741  0.00576064  0.02313266
  0.05996711  0.13071088 -0.0075522  -0.03524903  0.00619406  0.05821219
 -0.01622951  0.01724481  0.01515263  0.15783672  0.04979163  0.0863818
  0.11544426 -0.03786989 -0.01132305 -0.03955272  0.10258954 -0.07018084
 -0.21257885 -0.01098072  0.05029971 -0.04624645 -0.19518605  0.07992896
 -0.04438055  0.07901965  0.03984115  0.08017186  0.10479731 -0.07797091
  0.04649942  0.01795379 -0.05666384 -0.00285776  0.063435   -0.12994026
 -0.01028122 -0.04593645 -0.01803464  0.0151      0.09669501  0.02057461
  0.00628245  0.04577046 -0.10882589  0.08716366 -0.08554175  0.26198477
  0.06810071 -0.05266787]		2	[ 0.17972083  0.13972001  0.22019786 -0.06932217  0.06065857 -0.06703946
  0.11495113  0.00184367 -0.0933397  -0.21833552 -0.02036315 -0.2175747
 -0.03378472 -0.1044139  -0.12398519 -0.14484566 -0.10189408  0.03822286
 -0.15279885 -0.02812284  0.12477247  0.09219703  0.15702397  0.07919733
 -0.15696223 -0.00860604 -0.0137467  -0.05917977 -0.09648771  0.03538688
 -0.14637345 -0.07412725  0.03807838  0.07166643  0.13262545 -0.00842636
 -0.00209912 -0.02911815  0.01372254  0.04944042 -0.1411849   0.09200606
 -0.0929374  -0.01884157  0.12726615 -0.06065925  0.06690175 -0.13251919
 -0.06307527 -0.01721297 -0.01633339 -0.00352237  0.00110107 -0.01606516
 -0.03243743  0.09389689 -0.02142621  0.04952004  0.06518917 -0.11429193
 -0.09365287 -0.01227396 -0.01768323 -0.09755176  0.02173651  0.03730209
  0.0103471  -0.00958446 -0.00540944  0.00864491 -0.02261123 -0.06450217
  0.05968938 -0.00291547  0.02608163 -0.02357664 -0.01301496  0.00865098
  0.04428691  0.07547107  0.01673598 -0.05247505  0.03027433  0.05863699
  0.01885085 -0.07467517 -0.00694886  0.01375042  0.02445801 -0.04560684
  0.08552574 -0.03865759  0.00804871 -0.03028993  0.02023394 -0.09032468
 -0.13765894  0.035786    0.03400504 -0.0723516  -0.12928478  0.05715193
 -0.08191755  0.09554229  0.07195881  0.09178179  0.12377504 -0.12482477
  0.07846537  0.05435216 -0.08987579  0.01983431  0.0638476  -0.15115283
 -0.07485565 -0.07436542 -0.011295   -0.0107586   0.10959411  0.01648051
  0.00501597  0.14152946 -0.12044425  0.09705843 -0.0794786   0.33382508
  0.07867868 -0.05950654]		3	[ 0.23108779 -0.05857725  0.12094721  0.09233225 -0.01676005 -0.02168045
 -0.04653886 -0.06227727  0.02080426 -0.30137548  0.01580309 -0.09024818
  0.01776633 -0.04467502 -0.03776695 -0.08605655  0.0190172   0.05461786
 -0.04285459  0.03258063  0.15443115  0.066185    0.07861923  0.05009153
 -0.09973946 -0.01985833 -0.01175311 -0.03882769  0.0117355   0.10936977
 -0.14711933 -0.03712214  0.03964033  0.18078752  0.03561822 -0.079171
 -0.04782492 -0.0457987   0.029121    0.09727318 -0.13648325  0.07670087
  0.03090125  0.06346609  0.10898839 -0.04768742  0.07514196 -0.06069219
 -0.03297578 -0.02347563 -0.01932043  0.01103339  0.02979334 -0.03421492
 -0.0653393   0.05984487 -0.11903733  0.1764626   0.08345114 -0.09906612
 -0.10511356 -0.04078323 -0.02131536 -0.07797193  0.02602677  0.04193226
  0.05174878 -0.04855469 -0.01055903  0.04021629 -0.00193523 -0.02025901
  0.03111209  0.03976172  0.03629804 -0.0386024  -0.02531466  0.06725597
  0.06473923  0.14648354 -0.03856727 -0.08009432  0.05755106  0.05897312
  0.01227381 -0.01694239  0.03936554  0.07403067  0.05466162  0.10194674
  0.06333499 -0.02999283 -0.014453   -0.07750372  0.10341433 -0.11333071
 -0.23977277 -0.00079339  0.10787589 -0.00529873 -0.18395235  0.06435108
 -0.03985891  0.07776938  0.09515387  0.06289956  0.15028475 -0.04459146
  0.0414378   0.06887721 -0.14395611 -0.00167658  0.07654667 -0.1600367
 -0.05733706 -0.17187455 -0.00761064 -0.03588386  0.15415706 -0.00586891
 -0.03712666  0.09895306 -0.15232411  0.12120917 -0.13207237  0.24730708
  0.10127011 -0.14352007]		=	[ 0.08922011  0.10402323  0.09451828 -0.05162916 -0.12007906 -0.02379467
 -0.05770949 -0.12397193 -0.1686334  -0.18512157 -0.00898804 -0.2408284
  0.11359404 -0.20798849 -0.1160945  -0.13412409  0.0004452  -0.02527626
 -0.21107195  0.02369046  0.0554459   0.15394396  0.07769298  0.06018127
 -0.18955843 -0.07890116  0.00428254 -0.03702699  0.02030953  0.02193266
 -0.15419464 -0.03829423  0.08135858  0.05171683  0.04359059  0.06197296
  0.01740159 -0.03540741 -0.01571133  0.00642982 -0.0973768   0.04030202
 -0.04137347  0.07059862  0.18847482  0.00460213  0.0511759  -0.05127051
 -0.02977276  0.05259645 -0.02764487  0.06596691  0.0631839  -0.02114227
 -0.0231027   0.04779647 -0.01397157  0.08329365  0.02125723 -0.07946612
 -0.14907326 -0.0851711  -0.01456789 -0.07799415  0.02371454  0.08003728
  0.04445189 -0.02248182  0.00580152  0.0366069   0.0177327  -0.06149422
 -0.05462181  0.10774023  0.00971232 -0.05716931  0.00353042  0.05303217
  0.07791488  0.17414129 -0.04058394 -0.00068033  0.02528783  0.05004619
 -0.00829206 -0.0241663   0.00270037  0.07486156  0.10863186  0.02141425
  0.08614744 -0.06990368  0.03283547 -0.04115254  0.16661836 -0.13491127
 -0.22585852  0.03195305  0.07608371  0.00462097 -0.10802858  0.03820695
 -0.0278654   0.0860802   0.05268423  0.05549471  0.08084417  0.01615608
  0.11147504  0.06183095 -0.10529503  0.01709074  0.11692965 -0.16820304
 -0.06272088 -0.14721987  0.03974055 -0.11381228  0.04942162 -0.10442854
 -0.06708664  0.15441811 -0.16735803  0.1078964  -0.05529569  0.31441188
  0.16598049 -0.05390901]		F	[-1.18734181e-01  1.17411129e-01  9.40055847e-02 -3.41319799e-01
  3.77917230e-01 -1.83705594e-02 -1.30697772e-01 -3.28129292e-01
 -2.40572453e-01 -3.00148308e-01  2.40427293e-02 -3.81461084e-01
  4.66483720e-02 -7.83014819e-02 -1.19325578e-01 -2.00232103e-01
 -7.47967213e-02 -9.37802643e-02 -1.23196714e-01 -1.52741462e-01
  1.03813477e-01  1.61041781e-01  1.68818280e-01  4.62735556e-02
 -2.86297351e-01 -8.80997851e-02  5.21970280e-02 -1.14398943e-02
 -3.18623155e-01  1.54269591e-01 -8.51316303e-02 -4.74235080e-02
  1.18552327e-01 -1.33748844e-01  1.37890741e-01 -1.94560111e-01
  1.72136039e-01  1.38478830e-01 -7.95799047e-02  1.59904584e-02
 -5.82702681e-02  9.26336157e-04 -5.79546057e-02  1.26555532e-01
  2.00858921e-01  7.53073841e-02  1.74988106e-01 -1.79127485e-01
 -2.01954953e-02 -3.21473628e-02  3.92165547e-03  8.73481333e-02
  9.73955244e-02 -2.28368491e-02 -1.60432011e-02  7.55132511e-02
 -1.85194612e-01  1.92628428e-01  1.73579603e-01 -1.15338944e-01
  2.17752084e-01 -9.22898501e-02  6.08297624e-03 -6.56046346e-02
 -6.36738017e-02  4.64150608e-02  2.77875494e-02  1.88624874e-01
 -3.17604542e-02 -6.66274875e-02  1.09128147e-01 -1.08296931e-01
  5.78565858e-02 -2.04438046e-01 -2.94285677e-02  1.75925180e-01
 -5.49065061e-02 -2.97834668e-02 -2.62337029e-02 -1.16471462e-01
  7.31956884e-02 -7.22820833e-02  1.49627673e-02  2.42313445e-02
 -9.22692716e-02 -4.80245277e-02 -5.28382370e-05  4.07935716e-02
 -9.93202180e-02  7.94372521e-03  9.88042727e-02  5.73867746e-02
 -2.04213366e-01 -2.65065402e-01  1.18751697e-01 -1.75080657e-01
 -2.62523204e-01 -3.06292009e-02  1.43936858e-01 -8.92101452e-02
 -8.22907686e-02 -3.00222933e-02 -6.71558082e-03 -7.33142495e-02
  1.24156848e-01  4.77942452e-02  1.51263788e-01 -5.22008687e-02
 -1.05637543e-01  6.93354905e-02 -1.35186210e-01 -5.46725057e-02
  2.20085662e-02 -1.34669751e-01 -1.11577928e-01 -1.36225358e-01
 -1.07622892e-01  2.14662626e-02  2.83667624e-01  5.61387539e-02
 -1.13398917e-01  9.89819393e-02 -1.58221141e-01  2.85430700e-01
 -2.79609621e-01  3.68282467e-01  2.26186454e-01  1.26366749e-01]		4	[ 0.13326648  0.03946547  0.11949442 -0.02128581  0.1546109   0.09138548
  0.10226881 -0.0995947  -0.29687408 -0.2851337   0.04515812 -0.22622675
 -0.07794464 -0.03736876 -0.09430794 -0.16228081 -0.09306102  0.14617947
 -0.09869456 -0.09443295  0.20382075  0.16786763  0.12889548  0.08683965
 -0.04370201  0.17234887 -0.16016367  0.01925748 -0.18842138  0.09602622
 -0.08030652 -0.1194273   0.09052409  0.10858715  0.12092742 -0.08420225
 -0.0176789  -0.09379829  0.03253217  0.11891259 -0.19640867  0.08357749
 -0.00120447  0.06307489 -0.06770214 -0.08920415  0.02352239  0.01359076
 -0.02813191 -0.09440738  0.05370965 -0.06272524  0.00090833 -0.05372004
 -0.05771901  0.09239128 -0.09749117  0.08736079  0.04430494  0.03452684
 -0.05096624 -0.00580062 -0.00496025 -0.01363985  0.02803533 -0.00307144
  0.04636026 -0.05788618  0.02989388  0.02353233 -0.0212039  -0.01399751
  0.04961851 -0.00583982  0.0013054   0.00163199 -0.02294527  0.07364644
  0.01181996  0.09917905 -0.00693462  0.02012482  0.05246979  0.00145065
 -0.03022544 -0.02479567 -0.03178773  0.05744444  0.03524683  0.09353227
  0.0352443  -0.03666519 -0.06990267 -0.06654505  0.14294432 -0.1409441
 -0.13275544 -0.00441998  0.09490786 -0.04232544 -0.08493737  0.00936762
  0.00805534  0.03679515 -0.0283793   0.07224631  0.03843347 -0.05507177
  0.04471153  0.00978829 -0.11133249  0.02328662  0.04834536 -0.18155472
  0.00219229 -0.1398692  -0.00735573 -0.07117536  0.05939128 -0.02696738
 -0.02154046  0.06480343 -0.140961    0.05912373 -0.15875262  0.36673364
  0.2070232  -0.053481  ]		-	[ 0.04075842  0.12190305 -0.05083467 -0.06167088  0.00990197  0.03726875
 -0.05438532  0.01167011  0.01788934 -0.17979321 -0.04931592 -0.07016789
  0.01858289 -0.06981497 -0.0412167  -0.16119798 -0.10750933  0.12110726
 -0.1354386   0.00342606  0.17544593  0.11795527  0.10149367  0.13673858
 -0.15216805 -0.03227716 -0.07342063 -0.05591549 -0.07234647  0.16892831
 -0.12012935 -0.11155628  0.09762919  0.09756121  0.09637354 -0.06574766
 -0.12385668 -0.07208237 -0.0456653   0.09192274 -0.19439086  0.08550504
  0.018185    0.0770509  -0.07765245 -0.00583907  0.05965509  0.02355311
 -0.04996691 -0.14543256  0.07123941 -0.05594758  0.02731982 -0.07382846
 -0.07504996  0.15538606 -0.04743735  0.05869835  0.01122171 -0.00585873
 -0.07867122 -0.11795738 -0.01468311 -0.01863685  0.00353382  0.06862566
  0.13668899 -0.01254877 -0.01751342 -0.05610342 -0.00572686  0.00199122
 -0.01969876  0.01136958 -0.05905672 -0.03296674  0.03248627  0.12998152
  0.06337786  0.14948602 -0.05341099 -0.00717277  0.08286893  0.04009651
 -0.04449435  0.02717635  0.05988546  0.09839071  0.05397789  0.19648351
  0.02659201 -0.01263896 -0.03672343 -0.10639181  0.18602124 -0.1631393
 -0.23083134  0.00860852  0.12566692 -0.0111937  -0.12471852  0.05883687
  0.0030521   0.03192334  0.01878664  0.06690462  0.12280478  0.02349511
  0.0388959   0.04860346 -0.09587179 -0.00358702  0.04921401 -0.12515745
 -0.03410095 -0.15819168 -0.01684351 -0.09724578  0.12848139 -0.06840638
 -0.08669394  0.1196167  -0.15800174  0.13470414 -0.10162726  0.16426581
  0.03702895 -0.17135687]		S	[ 0.1194589  -0.02479886  0.21420859  0.09421678  0.01954126  0.01986872
  0.05722446 -0.16546857 -0.12786889 -0.21831903 -0.08623317 -0.44917518
 -0.07650537 -0.04391418 -0.08477609 -0.08016196 -0.24736643  0.06503545
 -0.12562306  0.06477419  0.13140891  0.06215229  0.18906987  0.19725984
 -0.2412426   0.0057201  -0.03261113 -0.07988424 -0.04927486  0.23646605
 -0.22026695 -0.10092095 -0.09056909  0.08369631  0.1416732   0.02839238
 -0.04044007  0.01278178  0.08031347 -0.03495387 -0.09038977  0.11113262
 -0.04165308  0.04488638  0.16539812 -0.02779652  0.0681238  -0.1070559
 -0.03834722  0.03566887  0.01478906  0.08605961  0.0366414  -0.12581252
  0.04999963  0.08345069  0.09679693  0.08530962  0.02663278 -0.01648087
 -0.17897476  0.04101472 -0.06162397 -0.16062562  0.02917894  0.15060051
  0.02207804  0.01152952 -0.0288037   0.04382043 -0.01353675 -0.03255674
  0.01082439 -0.05357816  0.05588953 -0.01758731  0.03949289  0.03774906
  0.09056318  0.13255885  0.02954773 -0.04151146  0.0865552   0.11625182
  0.09792405 -0.01427679  0.01481882 -0.06504356  0.07985646  0.03793657
 -0.02023229 -0.00858078  0.0201677  -0.1358192   0.17581108 -0.07636049
 -0.30749437 -0.00818045  0.1027564  -0.04515166 -0.21460822  0.09630177
  0.0474881   0.11849869  0.1510694   0.01344366  0.15565535 -0.04241082
 -0.11862805 -0.06908459 -0.05432551 -0.02332844  0.00410902 -0.12339844
  0.05034699 -0.18964775  0.01458838 -0.08849342  0.08366893  0.00124124
 -0.00303069  0.06169752 -0.0535854   0.04398203 -0.11529655  0.06048642
 -0.10629259 -0.02183657]		>	[ 2.88272998e-03 -9.48787779e-02  1.64979756e-01 -4.77589630e-02
  1.61266495e-02 -9.54059809e-02 -1.06792368e-01 -6.95632026e-02
 -1.71398461e-01 -1.23227075e-01  2.24673107e-01  1.07036186e-02
  6.21907674e-02 -1.85055956e-01 -9.15010124e-02 -9.07033086e-02
 -1.61591232e-01  2.13714913e-02 -1.48906395e-01  9.23717394e-02
  5.76902996e-04  2.65988708e-02  1.34996563e-01  1.73235118e-01
 -2.14766771e-01 -1.33202281e-02 -2.79168654e-02 -5.90435900e-02
 -2.17601791e-01  1.30515665e-01 -1.09776802e-01 -1.27327189e-01
  1.53066978e-01 -7.54049867e-02  1.72011822e-01 -4.43770289e-02
 -5.88110089e-02 -5.54596335e-02 -8.14003423e-02  8.24065879e-02
 -2.61233985e-01  6.77683279e-02 -1.16143964e-01 -6.81209303e-06
  4.12057787e-02 -1.47351459e-01  9.36195701e-02 -4.78364043e-02
 -5.49679287e-02 -1.24748079e-02  4.44551697e-03 -3.01433783e-02
 -3.14069353e-03 -1.81731686e-01 -7.88108110e-02  9.64645967e-02
  5.88287525e-02  1.28973424e-01 -2.05336176e-02 -5.01149781e-02
 -2.01389968e-01  1.51457325e-01 -5.21098487e-02 -5.10617532e-02
  4.79540639e-02  7.20516369e-02  2.50482038e-02 -5.70458397e-02
  1.28873689e-02 -3.51243350e-03 -1.00727960e-01  2.83329412e-02
  8.28103796e-02 -9.54886060e-03  5.00576459e-02 -1.14708878e-01
 -4.88970317e-02  1.65004153e-02  1.12800017e-01  1.18719906e-01
  6.34395257e-02 -8.37231353e-02 -4.88080233e-02  6.13756962e-02
  1.30703017e-01  5.00876568e-02 -3.91951157e-03  1.19861946e-01
 -1.05382130e-01 -8.10770690e-02  2.17857257e-01 -5.20497411e-02
  2.36389432e-02 -8.58652145e-02  4.47777025e-02 -9.05200392e-02
 -1.85854778e-01 -8.96164551e-02  9.85532403e-02 -4.17362787e-02
 -1.95369005e-01  8.00443515e-02 -7.57560581e-02  8.11866671e-02
  1.52436361e-01  1.23795932e-02  1.34838864e-01 -1.17042132e-01
  1.04959823e-01  1.70787662e-01 -1.90733388e-01 -2.37866212e-02
  1.22726709e-01 -9.67353880e-02 -1.19674370e-01 -1.76252782e-01
 -1.33997761e-02 -3.85582671e-02  1.87834010e-01 -1.76593997e-02
 -5.33041954e-02  9.46565345e-02 -1.27754942e-01  1.32584989e-01
 -1.12220407e-01  2.13552818e-01  2.82906834e-02 -1.94067478e-01]		N	[ 3.28074545e-01  1.07354313e-01 -3.73433810e-04  5.33193499e-02
 -9.59523246e-02  3.06196421e-01 -8.19200708e-04 -6.37414306e-02
 -1.21736084e-03 -1.96383283e-01  1.36005906e-02 -1.93878934e-01
 -5.12773022e-02 -9.85909477e-02 -1.59402490e-01 -1.95930272e-01
 -7.46887028e-02  7.01710954e-02 -2.88809597e-01 -6.08591549e-02
  2.00116500e-01  1.33173525e-01  3.28249335e-01  1.61455587e-01
 -9.35438424e-02 -6.91052899e-02 -4.93921041e-02  2.80898600e-03
  7.71607384e-02  2.28100996e-02 -1.24809295e-01  1.08796708e-01
  1.24526575e-01  3.30308378e-02 -2.74659172e-02 -1.33709848e-01
 -1.13439538e-01 -3.05039138e-02 -1.86799541e-01  1.73621252e-01
 -1.08181052e-01 -3.06812283e-02 -4.38038446e-02  5.51546179e-02
  8.01882818e-02 -2.00733840e-02  4.13013473e-02 -7.96684697e-02
 -1.68714002e-02  8.97202492e-02 -6.97209686e-02  4.55604978e-02
 -1.10456049e-02 -5.01246229e-02  4.27129343e-02  6.27958626e-02
 -6.02892414e-02 -7.46538630e-03  2.10291184e-02  1.12593241e-01
 -6.33485988e-02 -8.33977573e-03 -3.96102248e-03 -4.36082669e-02
 -3.52247357e-02  2.61831135e-02  1.44909814e-01  4.03328203e-02
 -5.97326532e-02 -9.58203599e-02 -3.80879305e-02  1.14507265e-01
  4.77773435e-02 -1.00399613e-01 -3.58036011e-02  1.28224837e-02
 -1.14922514e-02  2.76355315e-02  4.94763330e-02  1.35312200e-01
  1.26756066e-02 -2.43637804e-02 -6.96903616e-02  2.90102884e-02
  1.41766429e-01  9.33177471e-02 -3.91563750e-04  1.09934151e-01
 -2.91816220e-02  1.82032511e-02  6.16261326e-02 -8.75582770e-02
  8.47481191e-02 -6.79749325e-02  4.56153043e-02  1.93763431e-02
 -2.39657000e-01 -1.26744315e-01  6.11368939e-02 -2.89713237e-02
 -3.33884150e-01  1.65118635e-01  3.29328999e-02  1.34253666e-01
  7.96658099e-02 -1.04971393e-03  1.46174297e-01 -1.09539710e-01
  4.18964848e-02  8.84883255e-02 -1.56477749e-01 -2.39996985e-02
  1.42198801e-01 -1.15702271e-01 -1.17838331e-01 -1.84405580e-01
  8.28762495e-05 -4.25435975e-02  1.42854720e-01 -2.29161438e-02
 -6.59291074e-02  1.04432024e-01 -8.13170969e-02  1.14681721e-01
 -1.45099595e-01  2.52032936e-01  9.11343694e-02 -7.04310788e-03]		/	[ 6.63665384e-02  1.00481786e-01 -8.10871422e-02 -3.35391983e-02
  1.01024985e-01 -9.26864445e-02 -4.88700829e-02  3.74996066e-02
  6.29954115e-02 -1.42866045e-01  1.69020623e-01 -2.07278952e-01
  9.45657864e-03  2.13244800e-02 -7.57280365e-02 -1.49796739e-01
 -4.72843684e-02  1.00362543e-02 -1.04859665e-01 -1.05611123e-01
  2.49455065e-01  2.09945455e-01  1.97055653e-01  2.86577512e-02
 -1.05909437e-01  1.61654316e-02 -4.93280031e-02  2.17450894e-02
 -2.08566219e-01  1.08987756e-01 -9.29000229e-02 -4.22553271e-02
 -1.10603655e-02  1.11874333e-02  1.85069516e-01 -5.64244986e-02
  1.38378054e-01  6.40920550e-03  5.32130934e-02  2.72072945e-02
 -6.10186122e-02  8.34591612e-02 -3.28392461e-02 -6.12126924e-02
  1.89146489e-01  2.55621318e-02  7.76308402e-02 -1.08420417e-01
 -3.74512002e-02 -4.12681475e-02  3.68266515e-02  5.54591827e-02
  4.33964393e-04  2.47973227e-03  3.82470191e-02  6.67622760e-02
  2.02040610e-04  1.61616519e-01  6.63047284e-02 -1.55333012e-01
 -1.30634591e-01 -4.64844964e-02 -4.04403284e-02 -1.19839549e-01
  4.17114049e-02  1.05916969e-01  4.10153940e-02 -1.36152180e-02
 -1.96435899e-02  3.52796838e-02 -2.38242690e-02 -8.25780034e-02
  4.34523560e-02  3.32001932e-02  2.62354892e-02 -4.44087163e-02
  3.24214995e-02  3.44136134e-02  1.09852508e-01  2.01290324e-01
 -3.64525430e-02 -7.37590641e-02  7.05388039e-02  1.43791422e-01
  3.46378572e-02 -2.39022784e-02  5.95282465e-02  6.07412718e-02
  7.12309405e-02  4.81009521e-02  3.08158752e-02 -4.94873598e-02
 -5.00302110e-03 -1.19613130e-02 -6.70462176e-02 -9.80766937e-02
 -1.06172204e-01 -4.97176051e-02  6.57954291e-02 -4.01425920e-02
 -2.42604807e-01  6.81075528e-02 -9.93544534e-02  1.17201641e-01
  9.76103693e-02  8.86904076e-02  1.19305775e-01 -1.97170645e-01
  8.99789333e-02  3.27762589e-02 -1.01665556e-01  6.85407445e-02
  4.93692011e-02 -1.82743505e-01 -4.88541946e-02 -1.48537964e-01
 -1.16642716e-03 -6.69238493e-02  1.02874838e-01 -2.22566398e-03
  1.74090602e-02  1.70780420e-01 -1.09227352e-01  4.88999188e-02
 -4.24570814e-02  3.34076017e-01  3.72479744e-02 -1.55068040e-01]		5	[ 3.12046140e-01 -1.75424308e-01 -1.69642493e-01  1.59068450e-01
 -2.82288939e-02  9.44155529e-02 -8.81482363e-02  1.81344390e-01
 -1.42545998e-01 -1.83790207e-01 -8.02063420e-02 -1.27781527e-02
  1.73847117e-02 -2.89195962e-02  1.64166875e-02 -2.02331975e-01
  4.02635522e-02  1.58277109e-01 -8.71663578e-05  2.68090814e-02
  2.06358597e-01  4.26524952e-02 -2.91204192e-02  3.25552709e-02
 -1.42411247e-01 -8.56234804e-02 -3.76707092e-02 -7.68646449e-02
 -8.38262588e-02  7.42950290e-02 -3.52632701e-01 -1.10228918e-01
 -2.38129757e-02  4.55277830e-01  8.61443728e-02 -8.48149136e-02
 -6.93372730e-03 -1.47044420e-01  2.10918009e-01  1.75017104e-01
 -1.47469670e-01  1.42738253e-01 -3.41677591e-02  7.13486597e-02
  8.01477814e-04 -2.17405319e-01 -6.75087050e-02  2.55034510e-02
 -3.80579159e-02  7.61618987e-02 -7.44816139e-02 -5.36652952e-02
 -1.01576187e-03 -4.17249911e-02 -6.41907901e-02  2.25638561e-02
 -6.64957389e-02 -4.96481992e-02  9.18261781e-02  1.37229800e-01
 -1.60634816e-01 -1.86287567e-01 -1.53715967e-03 -2.07181379e-01
 -2.90767141e-02  1.81033108e-02  8.51169899e-02 -1.05910925e-02
 -1.46399930e-01 -6.35839254e-02  5.86164519e-02 -2.16406886e-03
  3.41853350e-02 -6.50982652e-03  2.81409714e-02 -3.61563563e-02
 -4.31008078e-02  2.93105899e-04 -3.72105604e-03  7.37640634e-02
 -1.06720909e-01 -7.18365014e-02  9.80615318e-02  1.37487918e-01
 -1.38326287e-01 -8.52545872e-02  1.18069798e-01  2.12015714e-02
  9.11998749e-02  6.50927722e-02  8.64053518e-02 -3.40580381e-02
  8.29306245e-02  7.79720992e-02  7.48474151e-02  5.46764992e-02
 -2.55137324e-01  6.17190376e-02  1.52791087e-02 -6.67967498e-02
 -2.12625310e-01  7.31793866e-02 -5.63669428e-02  1.80696264e-01
  1.93583518e-01  6.55971048e-03  2.37641916e-01 -1.25217482e-01
  2.08311379e-01  1.30334109e-01 -1.26741365e-01  3.56282145e-02
  1.31399184e-01 -1.15681633e-01 -8.22091848e-02 -5.62657975e-02
  1.15615418e-02 -2.57839467e-02  4.92069498e-02 -1.39083425e-02
  4.48399670e-02  1.07430138e-01 -5.51120900e-02  2.50884555e-02
 -4.76179319e-03  8.28676820e-02  7.44511634e-02 -3.02442402e-01]		.	[ 1.02558434e-01  2.15138301e-01  1.93660215e-01 -2.06454068e-01
  1.97159395e-01 -3.02113652e-01 -7.31567740e-02 -4.47346037e-03
 -1.45556092e-01 -7.44335055e-01 -1.35524109e-01 -7.32409135e-02
  9.97655690e-02 -1.08126223e-01 -1.00767519e-02 -1.74639747e-01
  9.48629901e-02 -1.60810918e-01 -1.20110497e-01  9.25833359e-02
  4.24138457e-02  2.57674426e-01 -5.26733045e-03  1.06545866e-01
 -3.24495375e-01 -5.70546575e-02 -1.17654197e-01 -2.11750902e-02
  1.26899987e-01 -1.10286586e-01 -3.40331376e-01  4.91810553e-02
 -1.03056587e-01 -7.07252696e-02  8.81577879e-02 -1.63641188e-03
  9.41977799e-02  1.30654514e-01  1.02945946e-01  1.09458290e-01
 -1.28697604e-01  1.45348638e-01  3.74989621e-02  7.56677315e-02
 -7.75974616e-02  8.69190097e-02 -6.73256144e-02 -1.28531799e-01
  4.19952571e-02 -5.00717126e-02  1.45612299e-01 -8.92304778e-02
  1.07320160e-01 -4.42174673e-02 -9.57420021e-02  2.48741820e-01
 -3.99748057e-01 -8.24745186e-03  1.63144901e-01  2.85830379e-01
  8.37587789e-02  3.79277542e-02  3.08060404e-02  7.24122152e-02
  2.41952389e-01 -1.08421266e-01  1.33435782e-02 -4.30978537e-02
  2.71363556e-01 -1.53077215e-01 -1.17792651e-01 -1.37396917e-01
 -6.32769763e-02 -1.62025332e-01  1.13532369e-04 -8.34100172e-02
 -4.72879484e-02  1.03785917e-01  2.39308774e-02  3.84415179e-01
 -3.32856700e-02 -6.10624030e-02  9.24348831e-02  1.24188729e-01
  2.23561212e-01  5.46131134e-02  1.95522681e-02  5.04635274e-02
  1.57482535e-01  3.48215774e-02 -1.77549832e-02 -2.00753823e-01
 -5.26892804e-02  6.23370856e-02 -5.18553667e-02  2.31705513e-02
 -1.02268882e-01 -2.80923158e-01  9.16441251e-03  1.38209378e-02
 -3.11746538e-01 -1.06247805e-01  1.00827634e-01  5.58001995e-02
 -1.05068415e-01 -4.31680046e-02  1.84245389e-02 -9.32035819e-02
  1.58950072e-02  7.36340657e-02 -1.30189061e-01 -1.26346916e-01
  3.03728223e-01 -1.11740850e-01 -1.32812664e-01 -2.65690297e-01
 -7.43970275e-02  6.98917732e-02  2.99461842e-01  2.54560765e-02
 -1.04142494e-01 -9.94582996e-02 -1.67875320e-01  1.61979482e-01
 -1.99747533e-01 -1.07442111e-01 -1.19474865e-01 -2.18512028e-01]		P	[ 2.92925313e-02 -5.43551445e-02 -1.42847732e-01  1.96912810e-01
 -1.10168837e-01  2.34046251e-01  4.78360094e-02 -1.30638272e-01
 -5.14774509e-02 -7.08380863e-02 -3.03399917e-02 -3.16984244e-02
 -1.04258999e-01 -1.99682459e-01 -1.33904785e-01 -3.20120938e-02
 -3.47327948e-01 -8.80698711e-02 -5.00078380e-01  5.17421961e-01
  5.96037917e-02  1.29645169e-01  1.70695409e-01  3.53352785e-01
 -5.82736433e-01  3.45645584e-02 -1.92202479e-01 -1.35489792e-01
 -1.22638874e-01  1.40812576e-01 -5.07663414e-02 -1.32377610e-01
 -4.57405671e-02 -1.17874151e-04  1.93854645e-01 -9.06757414e-02
 -2.60033190e-01  9.63035319e-03 -4.15362380e-02  1.22159429e-01
 -1.49960622e-01  1.81180000e-01 -5.86789884e-02 -9.33495238e-02
  2.87684351e-01  9.99194309e-02  1.28326237e-01 -1.42698213e-01
 -1.10313028e-01  1.28006473e-01 -2.06688344e-01 -2.98534185e-02
  1.51860237e-01  2.58401692e-01 -1.33184372e-02  1.36094183e-01
 -2.16987059e-01 -5.50878467e-03  1.08031686e-02 -2.40092188e-01
  2.34436378e-01  2.50017066e-02 -8.18549767e-02  4.83774766e-02
  1.13757914e-02 -7.98004586e-03 -6.26153871e-02  7.74140283e-02
  8.34313929e-02  3.76216485e-03 -2.00373996e-02 -1.04944758e-01
  6.59965619e-04 -9.51691121e-02  3.97720654e-03  2.54481770e-02
 -1.27233073e-01  1.52041346e-01  1.05889263e-02  6.52080178e-02
 -2.75904566e-01 -2.13945359e-01  9.79625583e-02 -2.19722912e-02
 -2.41897196e-01 -1.07411794e-01  2.11507186e-01  8.77575427e-02
  1.58334300e-01  2.99344987e-01 -6.81331232e-02  3.48852798e-02
 -8.61097500e-02 -4.00225930e-02 -3.31132859e-02 -2.29802579e-02
 -1.97232347e-02  5.43654375e-02  8.83695334e-02  1.34426774e-02
 -9.74104032e-02  5.26279509e-02 -9.08452719e-02 -1.33440703e-01
  3.21123376e-02  9.49180052e-02  1.86781332e-01  3.88910174e-02
 -4.29782942e-02  2.96447445e-02  7.94326141e-02  6.73757195e-02
 -1.17144259e-02 -5.99188767e-02 -1.57862599e-03  1.65020879e-02
 -1.37897447e-01  4.94383723e-02  1.40776217e-01  5.14219478e-02
 -6.15254082e-02 -8.73711556e-02 -1.24896653e-01  1.03743106e-01
 -2.07765296e-01  1.94975048e-01  4.80102897e-01 -1.67702362e-01]		Cl	[ 0.12808572  0.07911047  0.04759877 -0.10051564  0.15408698  0.03485126
  0.05700821  0.11985117 -0.11981907 -0.41722417 -0.08624382 -0.11261175
  0.16109103 -0.35496777 -0.19204196 -0.24419546 -0.16468821  0.28140596
 -0.19025584 -0.0103727   0.15347047  0.26649863  0.08995472  0.13467683
 -0.28796336  0.17986557 -0.24677695 -0.16159867 -0.04345438 -0.00158006
 -0.03167622 -0.06987747 -0.08288637  0.14393748  0.18035635  0.12732774
 -0.14187989 -0.15918611  0.03291651  0.111022   -0.10996264  0.08163223
 -0.00232415 -0.03665164  0.133499   -0.10916071 -0.02106892 -0.03615316
  0.00079309  0.08210666  0.0284313   0.00194794 -0.03882629 -0.04871594
 -0.00724083 -0.00818582 -0.03730987  0.14602113 -0.03720679  0.01221385
 -0.08524118 -0.04622686  0.00928775 -0.06144592  0.03868169  0.06596599
  0.05999601 -0.01442977 -0.00598628 -0.01172048  0.03291275 -0.01095335
 -0.05742211  0.0034595   0.05690264 -0.04935541 -0.06994127 -0.05559802
  0.05449264  0.1881406  -0.03249355  0.03493438 -0.14867042  0.05272044
  0.06725814  0.04297719 -0.05310637  0.08884361 -0.00247374 -0.09194687
  0.06536806 -0.12844028  0.04406886  0.01048454  0.08317066 -0.04696801
 -0.10431921  0.0295077   0.10194654  0.01885046 -0.13515663  0.08322376
 -0.03967416  0.13615537  0.17504095  0.04360921  0.0836777  -0.05445436
  0.20041214  0.04724122  0.06763592  0.15943299  0.04801031 -0.11945194
  0.03489626 -0.03333852 -0.00468006 -0.1430555  -0.05942994 -0.02706306
  0.07914218  0.0837596  -0.02786066 -0.12244735  0.05050332  0.24045776
  0.07299759 -0.23373204]		6	[-0.2125998  -0.1564928   0.12034854  0.06975161 -0.03391626 -0.25293562
 -0.1142562  -0.08375851  0.01755414 -0.1278692   0.14128949  0.332712
  0.05311731 -0.1299516  -0.16394576 -0.24135634 -0.13640343  0.14486103
 -0.28549707 -0.17439519  0.36454824  0.572883    0.28125298  0.10006547
 -0.05978772  0.40252396 -0.4065276   0.14238387 -0.13706294  0.06528751
 -0.11047128 -0.17221771  0.04452283  0.08952606  0.24047966  0.07214293
 -0.07001075 -0.14696144  0.01803286  0.10155441 -0.12463268  0.14772826
  0.031444   -0.01591053 -0.21306525  0.10606507 -0.11371035  0.11574022
 -0.02978599 -0.0504264   0.0817386  -0.0562801   0.06921737  0.05107745
 -0.04368261  0.24726674  0.06084596 -0.31783035 -0.02762004  0.22569424
 -0.0669963  -0.2731746   0.00464627  0.05985226 -0.00364897  0.10728401
  0.3144025  -0.00783548 -0.02924305 -0.11633597  0.01310193  0.02325225
 -0.07667746  0.02226467 -0.16219328 -0.02305908  0.0827169   0.15226105
  0.0543834   0.22459228 -0.21100174 -0.02118859  0.13153546  0.05202112
 -0.05513647 -0.04666192  0.1173756  -0.02105756  0.20346871  0.16809839
 -0.10662337 -0.05019407  0.03731018 -0.10028668  0.21313706 -0.1305428
 -0.15726359 -0.03486498  0.14521597  0.08472828 -0.03671386  0.084573
  0.09582557  0.05333587  0.10539366 -0.05753896  0.05884367  0.13832428
  0.10283785 -0.07873052  0.05107129  0.08118203  0.05752619 -0.11541409
  0.07365521 -0.0582674  -0.01306998 -0.11152402 -0.07045424 -0.09305003
 -0.02226293  0.00943435 -0.07420255 -0.04639522  0.1313249   0.12831798
 -0.08724821 -0.2298307 ]		[Si]	[ 0.27970573 -0.33951062  0.42354614  0.16770767  0.09160107 -0.49545693
  0.09071381 -0.1623004  -0.15945865  0.04737028 -0.35015598 -0.39981887
  0.0304285  -0.19507088 -0.11961058 -0.39373568 -0.06192199  0.0534118
 -0.18125702 -0.19983459 -0.04333603  0.01555539  0.09217185  0.04630614
 -0.25978577 -0.3860919   0.06494687 -0.17167392 -0.12312938  0.08387892
 -0.35395268 -0.2017007  -0.15908186  0.40515772  0.17864646  0.02184123
 -0.31988677 -0.15818186  0.0376241   0.07815424 -0.01892675  0.09397326
 -0.22537291 -0.03334874  0.30010676 -0.10373713  0.06465053 -0.26474035
 -0.09484083  0.18969132 -0.06031575  0.05043841  0.03604217 -0.03291706
 -0.08085581  0.0170517  -0.00439779 -0.0749169   0.096476   -0.03618168
  0.197923   -0.18606286  0.09048648 -0.1678001  -0.07759152 -0.03661668
  0.01232188  0.2696997  -0.11661396 -0.32355046  0.1250535  -0.17380013
 -0.01106653 -0.39940363  0.02818582  0.01714497 -0.01965512 -0.22897667
 -0.18019469 -0.02173814 -0.004486    0.02492317 -0.10227268  0.1801515
 -0.09474762 -0.02802191  0.05924123  0.06239743 -0.02918599 -0.07655109
 -0.01911181 -0.1183355   0.17071123  0.29129025 -0.43487146  0.0776837
  0.15772878  0.10307934 -0.22569722 -0.13670328 -0.09745376 -0.05689643
 -0.21602128  0.23625101  0.06893677  0.07157037  0.1875843  -0.36731234
  0.5563721   0.19117181 -0.08640435  0.1634225   0.21896264 -0.23691238
 -0.24500062 -0.00396873 -0.07887085 -0.09858133  0.0920644  -0.04400154
  0.00504554  0.4387099  -0.16760398  0.11212544  0.10630588  0.38986486
 -0.28327873 -0.23282924]		7	[-0.2882097  -0.2767245  -0.00224943 -0.00302072  0.2689749  -0.16161299
 -0.0423652  -0.15991826  0.11007822 -0.23396732 -0.00428661  0.45590365
  0.37140846 -0.39904645 -0.2841483  -0.12975143 -0.00610296 -0.08657898
 -0.23821114 -0.12369259  0.15530767  0.82781947  0.08017883 -0.0698087
 -0.27092898  0.63694525 -0.5283919   0.11322771 -0.41873813 -0.03112684
  0.16359602 -0.17201701 -0.07094634  0.02955889  0.39934412  0.0948436
  0.13896751 -0.07590327  0.04621907  0.06164999  0.02614127  0.08299641
  0.1270879  -0.0271312  -0.09866023  0.13449644 -0.07404552 -0.06302723
  0.03370615  0.00226545  0.13565119 -0.05051089  0.04494625  0.15392074
 -0.03399868  0.10772675 -0.3329072  -0.10559985  0.11936742  0.16922385
  0.344708   -0.30752444  0.12985474  0.12482702 -0.02136102  0.03793616
  0.36832544  0.18481866  0.03972154 -0.20436183  0.14514238 -0.03783335
 -0.02143821 -0.25254208 -0.1330155   0.16312864 -0.04742913 -0.0876556
 -0.11663676 -0.09200184 -0.06080754  0.02907633 -0.0475409   0.01983188
 -0.01863367  0.0351422  -0.01099104 -0.08222492 -0.12621889  0.05723847
 -0.18178354  0.00193799 -0.10632721 -0.39455232  0.38377592 -0.09850022
 -0.3112618  -0.0864113   0.34271643  0.11550038  0.05866197  0.19307174
  0.25279188  0.06775258  0.6181361  -0.23506254  0.21041879  0.15382493
  0.16054973 -0.06771536 -0.07815325  0.15023117 -0.00950115 -0.15714791
  0.07332978 -0.12490768 -0.06493562 -0.11928207 -0.1140344   0.00767988
  0.08170836  0.01241132  0.02007167 -0.2607988   0.24316905  0.30646598
 -0.10581131  0.00422427]		Br	[ 0.35793507  0.05297685  0.38907003  0.11134095 -0.5825784  -0.31020093
 -0.06922648  0.01534642  0.19863969 -0.3866494   0.08126374 -0.25213176
  0.10654849 -0.4540717  -0.31070155 -0.25470966 -0.12285972  0.19033687
 -0.36091048 -0.18635724 -0.02172255  0.20499729  0.35098737  0.08946216
 -0.10113647  0.03709088 -0.00641055 -0.0745481   0.01510316 -0.1532631
 -0.02011383  0.09164225  0.1051487  -0.32907766  0.15014932  0.14776182
  0.17242192  0.09572195 -0.1207955  -0.05574248 -0.14595485  0.0613455
 -0.17532553 -0.1824296   0.49550357  0.15754639  0.16309682 -0.37926802
 -0.04374301 -0.02525288  0.06831971  0.09702257 -0.03000527  0.09441784
  0.03396169  0.14149463 -0.12834527  0.3227883   0.03148312 -0.41790688
 -0.20047519 -0.02714892 -0.0093458  -0.07175069  0.13569245  0.10397121
  0.00798672 -0.07116251  0.09323632  0.06620099 -0.04981728 -0.11472432
 -0.07420661  0.15603954  0.0594043  -0.07937659  0.00144765 -0.06166823
  0.10276285  0.22531584  0.1775062   0.10839249 -0.23158991  0.05593115
  0.20054096  0.16882937 -0.14594996  0.24479452 -0.10038617 -0.0823264
  0.10744105 -0.16033973  0.05231545  0.03609272 -0.08208188 -0.12556256
 -0.08590701  0.03249054  0.05007226  0.00545512 -0.26448047  0.08273564
 -0.10223179  0.19141245  0.04797936  0.19718163  0.0993715  -0.13475391
  0.14020182 -0.03987029  0.14313272  0.08020412  0.02158556 -0.14154741
  0.01404167  0.01400166 -0.01418708  0.0146733   0.11214327  0.08444294
  0.07514809  0.16764966 -0.16032365  0.01493921  0.05694727  0.28172052
 -0.212855   -0.08188011]		