C	[-0.00079075  0.13132675 -0.3052538   0.15525152 -0.10250589  0.1361907
  0.14261384 -0.3343559   0.04957655  0.02748012  0.10044543 -0.03644368
 -0.01254337 -0.10369705 -0.2072245   0.03886509 -0.10709704  0.11640534
 -0.13117942 -0.03418326 -0.17336014 -0.10049022 -0.14682929 -0.01092726
 -0.05639171 -0.09810189  0.00981896  0.04724244 -0.05372944  0.02963508
  0.02716813  0.00928363  0.0501059  -0.0337068  -0.07327495  0.03482867
 -0.05446744 -0.01790122  0.0015745   0.01406909 -0.00576018 -0.01455178
  0.11840983  0.00691928 -0.05216813  0.00501813  0.06233918  0.00742609
 -0.03795466  0.13150588  0.0077989   0.05163639  0.06201564 -0.03600283
  0.11543732  0.1294189   0.01536404 -0.01172644  0.08891445  0.02999772
  0.19335005  0.14309023 -0.10589407  0.0732184   0.03932105  0.06125705
 -0.13950263  0.03753614 -0.10503107 -0.21176079  0.01136279  0.12596695
 -0.21431562 -0.01387035 -0.03478548  0.05934647 -0.04837438  0.14038928
 -0.09292549 -0.11877495  0.02303704 -0.01267192  0.18035962 -0.11260533
 -0.06126859  0.0521131  -0.04213597  0.06128412 -0.12991574 -0.10088971
  0.02668754  0.03333137  0.0695826   0.08292069 -0.01084339  0.06669522
 -0.01514227  0.10267967  0.02961164  0.00075201 -0.00280876  0.00501941
 -0.02653732 -0.00349739  0.0051709  -0.00990415  0.02220353 -0.06727085
  0.06263995 -0.09135793 -0.0097107  -0.06773376  0.05295989 -0.09138911
 -0.06341291  0.05720275  0.10816979 -0.00472399 -0.06460574 -0.09378855
 -0.0596978  -0.01608641 -0.11668689  0.10434768 -0.11083604  0.10780559
  0.03080377 -0.03298023]		c	[-5.57366712e-03  1.39947399e-01 -1.99673727e-01  2.20947579e-01
 -1.37404934e-01  1.50183901e-01  1.43402860e-01 -3.53754133e-01
  1.25900563e-02  3.78931463e-02  1.16988383e-01  1.38152912e-02
 -5.15206531e-03 -6.43996224e-02 -1.22944430e-01  4.40062024e-02
 -1.14918299e-01  1.64191574e-01 -1.35899648e-01 -5.50299659e-02
 -2.09086627e-01 -9.33013409e-02 -1.22544743e-01  1.74166337e-02
 -5.56857400e-02 -1.27713859e-01  4.23791558e-02  2.19861921e-02
 -2.55274139e-02  6.64909855e-02 -8.34425353e-03  5.58308102e-02
  2.31853028e-05 -5.33602536e-02 -9.86235514e-02  4.43965942e-02
 -9.97582227e-02 -2.64464691e-02  2.42938157e-02 -2.12960527e-03
 -1.50588052e-02 -3.13042430e-03  7.48534054e-02  3.43346186e-02
 -1.94660109e-02  1.50805330e-02  6.12710826e-02 -5.58618223e-03
 -3.25991996e-02  1.65849730e-01  1.85737049e-03  6.22062050e-02
  6.88051283e-02 -3.22500393e-02  1.58929095e-01  1.47766143e-01
  3.83359678e-02 -1.13057112e-02  7.50062242e-02  2.35077646e-02
  1.67342931e-01  1.29010558e-01 -1.07027531e-01  5.35966903e-02
  2.44688094e-02  4.63762991e-02 -1.16681039e-01  3.47039364e-02
 -8.60622749e-02 -2.19834268e-01  1.63846295e-02  1.52916402e-01
 -2.67387122e-01 -1.03779444e-02 -6.31779879e-02  7.03332573e-02
 -9.49575454e-02  1.56237498e-01 -1.14939228e-01 -8.62105638e-02
  3.98209989e-02 -3.88154276e-02  1.77500695e-01 -1.29532516e-01
 -6.87182769e-02  2.10562143e-02 -9.44596902e-03  8.14767182e-02
 -1.31631568e-01 -1.17736131e-01  5.77861890e-02  2.15992108e-02
  6.35397956e-02  7.90435225e-02 -4.10168944e-03  5.54656349e-02
  4.57748305e-03  1.58789992e-01  1.90958828e-02  2.77888812e-02
 -5.52425766e-03  4.69154213e-03 -5.15069067e-02  1.59527026e-02
 -2.71279807e-03  1.07891904e-02  5.59677603e-03 -4.69161756e-02
  5.83968945e-02 -9.55147743e-02  1.32963629e-02 -6.19111843e-02
  6.60213828e-02 -5.53385466e-02 -9.42384228e-02  5.42721301e-02
  6.45243749e-02 -1.65154226e-02 -1.30090833e-01 -1.05120756e-01
 -6.28788546e-02 -4.02815960e-04 -1.17885172e-01  6.28026724e-02
 -1.09530583e-01  8.96402821e-02  7.70399570e-02 -3.01875155e-02]		(	[ 0.05347541  0.14835979 -0.2256448   0.19812214 -0.1535736   0.16775964
  0.10232706 -0.30112356  0.02049206 -0.01666668  0.10425775  0.06519593
  0.01039683 -0.14817816 -0.09304366  0.07273921 -0.09169319  0.0816034
 -0.17240894 -0.04218513 -0.21424139 -0.08185312 -0.08886933  0.03460295
  0.01362296 -0.1394014  -0.04565324  0.03840519 -0.05206145  0.01644719
  0.00715918  0.04756054  0.11384451  0.00766089 -0.06196541  0.05928594
 -0.06722739 -0.09640036  0.0056478   0.07764637 -0.03250196 -0.00484248
  0.12429124 -0.03134444 -0.10848073  0.0327246   0.13683727  0.02351263
 -0.04234213  0.14765589 -0.01748825  0.05905576  0.03366047 -0.0237532
  0.13613737  0.06376347  0.03149712 -0.00472144  0.04221503 -0.03493207
  0.14570329  0.10464621 -0.11473738  0.05634243  0.04761301  0.01400677
 -0.17525169  0.04896127 -0.10051507 -0.19747339  0.04031342  0.12516688
 -0.24454604 -0.0364129   0.01023723  0.07741294 -0.01224176  0.09809241
 -0.1123941  -0.1473545   0.02750828  0.02963945  0.18564804 -0.14588885
 -0.07053585  0.02291443 -0.08075237  0.09353574 -0.11866798 -0.10504464
  0.0089195   0.05678161  0.11153684  0.09086466 -0.04648892  0.06294511
 -0.01200436  0.13834001  0.04376432  0.00508668 -0.03722603 -0.00046058
 -0.01026751  0.02292893 -0.01715785  0.02598955  0.00491594 -0.09065405
  0.03507048 -0.11075506  0.00037595 -0.04984004  0.05747021 -0.06006922
 -0.06880952  0.07294755  0.16322166 -0.07379625 -0.10198577 -0.07470647
 -0.03422309 -0.09038272 -0.09378983  0.08268639 -0.08216478  0.09394341
  0.04987404 -0.08989456]		)	[ 0.04424693  0.11541448 -0.30444548  0.18513732 -0.14468421  0.15971346
  0.1522886  -0.35612878  0.03323463 -0.00535353  0.14933437 -0.05124319
 -0.00097813 -0.05649112 -0.20005819  0.07664929 -0.07437073  0.137007
 -0.06072016 -0.04261664 -0.11955948 -0.05212635 -0.06197414 -0.00991032
  0.008019   -0.13285576 -0.007706   -0.03590745 -0.01994027  0.04933082
 -0.03215789  0.07059634  0.05093079 -0.02919959 -0.12258688  0.05035893
 -0.10827349 -0.04381305  0.00777213 -0.00765291 -0.00663458  0.01328106
  0.126133   -0.00466325 -0.01743267 -0.01245981  0.06628579 -0.01215921
 -0.05775306  0.16077264  0.07804787  0.05952265  0.02506675 -0.06663732
  0.1514028   0.07162371  0.00142103 -0.01899554  0.10256088  0.015148
  0.15577757  0.08891253 -0.13532756  0.06418932  0.02729739 -0.00283701
 -0.22531837  0.09570116 -0.11438857 -0.18718977  0.04165198  0.12140514
 -0.24144101 -0.06435829  0.02115006  0.09537422 -0.05506179  0.13028514
 -0.15383099 -0.13959025  0.03444321 -0.02698102  0.14778274 -0.08302552
 -0.05932453  0.08036672 -0.01618533  0.0806066  -0.1115465  -0.0768991
  0.03349654  0.02466218  0.06456868  0.07805538 -0.01324524  0.04879889
  0.03117603  0.16477989  0.0066476   0.00937118  0.01353163 -0.00910342
 -0.09080435 -0.01844216 -0.02548555  0.0363487   0.00956012 -0.03527818
  0.03833204 -0.08612478 -0.00581474 -0.03779383  0.05127906 -0.0491634
 -0.04273372  0.02088544  0.07591128 -0.04802781 -0.04784936 -0.05075615
 -0.0390196  -0.06979535 -0.06859627  0.03038235 -0.06966551  0.08371211
  0.04243391 -0.04421204]		1	[ 1.00143902e-01  1.53903633e-01 -2.90708512e-01  2.11120874e-01
 -1.69845849e-01  1.50412068e-01  1.29849091e-01 -1.88664317e-01
  7.31372759e-02  1.18764415e-01 -8.38980172e-03 -5.45656979e-02
 -3.35693397e-02 -4.75115292e-02 -1.93693787e-01 -2.75882310e-03
 -1.34730190e-01  8.35582614e-02 -2.74323374e-02 -1.21335194e-01
 -1.68372661e-01 -6.62643164e-02 -1.58366144e-01 -6.15434535e-02
 -1.36143146e-02 -8.69466215e-02  5.90491705e-02 -4.27648351e-02
 -2.16015838e-02  6.28575757e-02  3.14382613e-02  3.73314433e-02
 -4.02032807e-02 -8.58749300e-02 -3.60762631e-03  6.83949813e-02
 -1.75076947e-02 -6.47790506e-02  5.01790494e-02  9.39687993e-03
  2.63313819e-02 -1.62430340e-03  1.12703450e-01 -1.16471481e-02
 -2.05271430e-02  2.91935652e-02  2.65580378e-02 -1.26796402e-02
 -6.26287684e-02  1.30012184e-01 -1.80705842e-02  4.52575758e-02
  3.83721031e-02 -5.48908785e-02  1.46193877e-01  7.05699995e-02
 -6.07209658e-05 -2.80608721e-02  8.50921497e-02  6.59698481e-03
  2.03872994e-01  8.32421258e-02 -1.35827586e-01  1.23989210e-01
  9.59803984e-02  8.48895460e-02 -1.83622301e-01  3.94942425e-02
 -1.45886630e-01 -2.53727198e-01  2.42503472e-02  1.22329965e-01
 -2.78200328e-01 -4.14060242e-02 -2.98410701e-03  2.83468105e-02
 -4.06030081e-02  1.48089081e-01 -8.94325748e-02 -1.27873257e-01
  2.99839061e-02 -2.26980858e-02  1.76118016e-01 -1.23276033e-01
 -6.40185177e-02  6.58044517e-02 -4.20018807e-02  7.62725845e-02
 -1.44402727e-01 -1.15660660e-01  3.12154666e-02 -7.47639453e-03
  7.33647197e-02  1.04968011e-01 -1.80388917e-03  6.61956742e-02
 -4.30838950e-03  1.48616403e-01  1.68469734e-02  3.10096014e-02
 -7.37577816e-03 -9.80238151e-03 -3.71305607e-02  2.21038703e-02
 -2.47261133e-02  9.51485056e-03  1.53927747e-02 -7.28751346e-02
  7.08653927e-02 -1.10494897e-01 -7.96551351e-03 -7.03740418e-02
  2.89958976e-02 -4.28799689e-02 -1.01838820e-01  8.19974914e-02
  1.37566105e-01 -4.66254093e-02 -1.04236320e-01 -6.63807541e-02
 -3.20294946e-02 -2.68235616e-02 -1.48440659e-01  1.11350566e-01
 -1.24672711e-01  8.64234865e-02 -7.40733580e-04 -8.45324919e-02]		2	[-0.04198194  0.13278854 -0.29429922  0.19869474 -0.16561013  0.17837085
  0.208934   -0.3557605   0.03822847  0.04593599  0.09946683  0.02791043
 -0.004656   -0.07363398 -0.1482132   0.01542566 -0.06553853  0.15672736
 -0.05898003 -0.07204285 -0.21024013 -0.06376293 -0.12463714 -0.00632137
  0.01656659 -0.11428537  0.02796525 -0.03064598  0.0181083   0.04472779
 -0.06054723  0.088167    0.01315272 -0.02500544 -0.07966432  0.06073086
 -0.08023882 -0.03951351  0.03242035  0.00202739 -0.02544384 -0.00447279
  0.07502427 -0.00788675 -0.01152667 -0.0292798   0.04777864  0.01635959
 -0.06314971  0.12443751  0.04240681  0.07872157  0.01974239 -0.05604214
  0.14253022  0.07390817  0.02796876 -0.01851276  0.07262392  0.00310909
  0.11336482  0.08059157 -0.09891205  0.05937062  0.0398615   0.0770552
 -0.18715014  0.02256521 -0.11408461 -0.24408635 -0.01569709  0.10595898
 -0.25684077 -0.02090734 -0.032891    0.02507263 -0.09402746  0.18427251
 -0.08968814 -0.10908134  0.02537707 -0.03826332  0.1129199  -0.09014338
 -0.05448001 -0.02010298  0.00590444  0.01018088 -0.08392641 -0.11395725
  0.00260746  0.08566985  0.03840522  0.02208623 -0.05691128  0.08983385
 -0.04510786  0.13299397  0.01244941 -0.00744864 -0.04447279 -0.02548013
 -0.03931454  0.0206393  -0.02481607  0.01635971  0.05436351 -0.11298569
  0.02415168 -0.11440393 -0.01695576 -0.05176253  0.0571     -0.09778515
 -0.05943107  0.03929886  0.1333502  -0.02063151 -0.05022287 -0.07700599
 -0.05431278 -0.10205988 -0.11376996  0.12380694 -0.10274915  0.14891864
  0.05499466 -0.06722154]		N	[ 0.05368727  0.0729274  -0.20625022  0.1677432  -0.07439295  0.08084086
  0.19054314 -0.26569948  0.02839945  0.11071625  0.13106772 -0.04035826
 -0.00694187 -0.03939747 -0.20616989  0.03006991 -0.11154694  0.15595734
 -0.11545738 -0.03591423 -0.1606405  -0.11310137 -0.16547222 -0.04158605
 -0.05835724 -0.11050881  0.03404781  0.05939355 -0.00487056 -0.00285695
 -0.01552439  0.01602981  0.06612573 -0.07282488 -0.08695257  0.08333775
 -0.0457582  -0.08422393  0.05443395  0.03326117 -0.02760247  0.00633782
  0.14893042 -0.04915851 -0.06885773  0.01879379  0.08604231  0.0273402
 -0.03491325  0.19319643 -0.01552074  0.05630172  0.05177577 -0.02966218
  0.18643226  0.09463419  0.03975969 -0.02119901  0.07999418 -0.00890226
  0.22065248  0.10445953 -0.14168984  0.07045474  0.02262504  0.02163985
 -0.14071912  0.12119218 -0.11372052 -0.18135437  0.05016042  0.14694011
 -0.24189773 -0.03706381 -0.04338623  0.13474068 -0.08435491  0.12493216
 -0.16108148 -0.12366651  0.00527204  0.02434483  0.16693015 -0.10662229
 -0.07518549  0.08057832 -0.03414894  0.06908712 -0.13198318 -0.08814903
  0.01901425 -0.0107976   0.09457502  0.10590617  0.01536477  0.05703503
  0.01289967  0.1000319   0.01999645  0.06043002  0.00537854  0.00548197
 -0.02443926  0.00511358 -0.04040481 -0.03446924  0.01489081 -0.04903601
  0.11394739 -0.09529535 -0.04331687 -0.09640828  0.03928814 -0.07636052
 -0.14270818  0.03081654  0.12227229 -0.13283706 -0.13618742 -0.07207406
 -0.09602065  0.0775146  -0.212968    0.06039229 -0.19665276  0.0789196
  0.01156616  0.00252755]		=	[ 0.09246372  0.13749982 -0.21100044  0.08783782 -0.14139888  0.23157527
  0.28859594 -0.4078567   0.1137196   0.11332752 -0.01826072 -0.00833679
 -0.02405383 -0.06366142 -0.19567762 -0.0734195  -0.1624018   0.08941194
 -0.09666279 -0.10014866 -0.2099011  -0.13953848 -0.21778838 -0.06181968
 -0.06728771 -0.11015801  0.09317267  0.08858834 -0.03356686  0.04062634
  0.02431633  0.01790713  0.02772087 -0.09172578 -0.00335541  0.0657431
  0.01460088 -0.08582978  0.06063171  0.04834998 -0.01967319  0.01786398
  0.05442094 -0.04107898 -0.03842073  0.01677272  0.0262852   0.03186321
 -0.0811215   0.07856483 -0.07829045  0.03470843  0.07207906 -0.02549185
  0.06120383  0.02639309 -0.01627078 -0.04935372  0.0745051  -0.01222584
  0.2167307   0.05890876 -0.11706082  0.1335669   0.0834415   0.04592317
 -0.1849186  -0.00186324 -0.11426935 -0.2356625   0.03873138  0.17607285
 -0.21127371  0.02101699 -0.04344255  0.09538854  0.01687452  0.15966505
 -0.12490175 -0.09979959  0.06486123 -0.12999387  0.19988446 -0.00701308
 -0.06745277  0.11319712  0.04896625  0.1066772  -0.1596638  -0.09168281
  0.10361652  0.05879524  0.08210399  0.10272836  0.00637054  0.0613756
  0.04457924  0.2412414   0.0531899   0.02255409 -0.01098576  0.07718782
 -0.13165309 -0.04731273  0.04002632  0.03086468 -0.04469529  0.01490249
  0.0260546  -0.10900667  0.04236353 -0.0584791  -0.00514312 -0.0084616
 -0.16912416  0.0611919   0.13848108 -0.07617389 -0.19382171 -0.05603836
  0.00499244  0.00253387 -0.20847744  0.01299454 -0.15281923 -0.03364319
  0.01771744 -0.10463528]		.	[ 2.92002499e-01  2.23800302e-01 -2.99528748e-01  1.43779606e-01
 -1.16530381e-01  1.05228178e-01  1.67711735e-01 -2.64191002e-01
  6.12503476e-02  6.54209480e-02  1.32607698e-01 -3.76001261e-02
 -1.88046061e-02 -9.26765054e-02 -3.31945717e-01 -2.81575564e-02
 -1.96013242e-01  5.71173243e-02 -8.22835267e-02 -8.10143426e-02
 -7.07461238e-02 -1.30476013e-01 -1.39495045e-01 -8.22663456e-02
 -1.57152280e-01 -7.51969963e-02  8.20979327e-02  8.00020248e-02
 -1.15889264e-02  6.29958063e-02  5.19918315e-02 -5.34409517e-03
 -2.57119499e-02  1.44299977e-02 -1.73790708e-01  6.52600527e-02
 -1.91832468e-01 -1.76666100e-02  4.00673822e-02  1.49559444e-02
 -3.81647609e-02 -1.41238598e-02  7.95326456e-02  5.74633367e-02
 -3.90222594e-02  3.47242206e-02  1.39844045e-01 -1.30013777e-02
  3.29071539e-03  2.09597737e-01 -8.60335976e-02  6.66219518e-02
  9.36836004e-02  2.21218709e-02  1.11732602e-01  8.62338021e-02
  8.16592947e-02 -1.96068082e-02  6.46149963e-02 -5.82443997e-02
  2.53754109e-01  9.50056463e-02 -1.63765237e-01  1.09493509e-02
  6.13710061e-02 -6.41051009e-02 -1.62921011e-01 -1.83014795e-02
 -1.91924516e-02 -1.23659030e-01  2.64599957e-02  7.79330954e-02
 -1.26053557e-01 -2.47077756e-02  4.84341681e-02  3.03785820e-02
  3.79871465e-02  6.71779439e-02 -7.27576688e-02 -3.95112410e-02
  3.96577008e-02 -1.30324066e-02  1.24230124e-01 -1.57186672e-01
 -8.96161869e-02  1.92079380e-01 -1.31414503e-01  1.31407827e-01
 -1.93029493e-01 -1.50099516e-01  1.09465877e-02 -3.68724689e-02
  1.41584307e-01  2.04562724e-01 -5.30658327e-02  1.04518309e-01
  2.48721745e-02  2.32258379e-01 -3.21866502e-03  7.33086690e-02
 -5.27519081e-03  1.46956686e-02 -7.77813494e-02  5.16342483e-02
 -6.32427866e-03  4.36302945e-02 -2.74004065e-04 -8.10716823e-02
  7.11577907e-02 -1.40453503e-01  3.07982098e-02 -7.98581392e-02
  8.59361663e-02 -7.57456794e-02 -1.06875263e-01  8.34334716e-02
  9.86586958e-02 -4.56464924e-02 -1.46654591e-01 -1.26943082e-01
 -6.63481727e-02 -2.46708118e-03 -1.27481818e-01  8.16402212e-02
 -1.21160708e-01  1.06209837e-01  5.83051704e-02 -6.27284423e-02]		O	[ 0.18237476  0.09919357 -0.39253098  0.11270352 -0.16295807  0.21748959
  0.19358413 -0.38618714  0.07711098  0.06122345  0.06300433 -0.0955448
 -0.01104719 -0.1319668  -0.26161304  0.00969488 -0.08841273  0.0682725
 -0.1044638  -0.04303336 -0.13076931 -0.10082345 -0.17642334 -0.10102219
 -0.07394855 -0.07197263  0.02710727  0.07387097 -0.01580366 -0.05249672
  0.00299805 -0.05297942  0.15721348 -0.08024266 -0.01787247  0.06243561
  0.02925154 -0.11465156  0.00993061  0.07722425  0.00439394 -0.0189011
  0.22751015 -0.06719475 -0.12687494  0.02156961  0.06052982  0.03265719
 -0.02236991  0.06370792 -0.06834447  0.01641708  0.01553099 -0.02258334
  0.07985414 -0.00789364 -0.00349173 -0.03348608  0.07141053 -0.00074004
  0.20839274  0.01369072 -0.10143587  0.10648689  0.11494671  0.06297702
 -0.19068716  0.11759824 -0.17673032 -0.20115083  0.08385619  0.1356543
 -0.2267723  -0.03141759 -0.0124711   0.11953861  0.01613035  0.11713845
 -0.13422097 -0.13838518 -0.02118981  0.01081329  0.09587068  0.00565825
 -0.05647137  0.13985525  0.00735374 -0.00343032 -0.12009212 -0.06586941
 -0.01413343  0.00885307  0.10165002  0.10031475  0.02158055  0.10472824
 -0.00778774 -0.04359894  0.06333673 -0.02799686  0.0365242   0.00652595
  0.04367781 -0.01350567  0.03012713 -0.10013492  0.02599826  0.00083819
  0.10823264  0.0151783   0.03766508 -0.07219686 -0.03545067 -0.04689851
 -0.07284623  0.03964558  0.14407632 -0.08777776 -0.03954571 -0.01743985
 -0.02014042  0.08575357 -0.1732763   0.07288787 -0.15121017  0.00291143
 -0.10867532 -0.02884283]		>	[-0.00249554  0.1546481  -0.16971187  0.15688859  0.11666337 -0.05429225
  0.35159796 -0.32765502  0.07273     0.1252033   0.20534328 -0.13514425
 -0.01443265 -0.12048525 -0.3059301   0.02606898 -0.1125504   0.18193746
 -0.29391629 -0.0339388  -0.17720866 -0.16451505 -0.20089474 -0.15364853
 -0.2197908  -0.18323192 -0.08578129  0.08872992 -0.10460528  0.04633509
 -0.07113317 -0.00508179 -0.11336832 -0.05774197  0.01020367  0.07575846
 -0.02111994 -0.09950042  0.11183552  0.04556481 -0.02683609  0.08490983
  0.08196681 -0.10576306 -0.04580358  0.03290205  0.09244117  0.06745025
 -0.18898796  0.2679651   0.16095334  0.01199688  0.06201893 -0.0762815
  0.23324041  0.05369217 -0.02698904 -0.08501425  0.10613701 -0.08847146
  0.29968616  0.18052247 -0.21660964  0.14974049  0.0280489   0.06344149
 -0.21722333 -0.07610188 -0.05349821 -0.19392326 -0.07857122 -0.00350134
 -0.10579918 -0.08487592  0.07436337 -0.09101497 -0.03835227  0.107932
  0.02036684 -0.18869103  0.05077592  0.01069268  0.21422476 -0.22379841
 -0.05256251 -0.06180687 -0.07190791  0.10711409 -0.11314805 -0.12169421
 -0.08235104  0.03880485  0.08186839  0.08473524 -0.0840747   0.11830091
 -0.11682119 -0.00839492  0.01314153 -0.07504632 -0.12181178  0.10065249
 -0.00741573 -0.0852479   0.04198549  0.06263112 -0.0384228  -0.12436395
 -0.09599789 -0.11818514 -0.14210264  0.01922994 -0.03296798  0.11744535
 -0.2372305   0.0610365   0.07856621 -0.0650303  -0.20348765 -0.00343129
  0.02544138 -0.05660537 -0.08325019 -0.04415058 -0.03498423 -0.19432066
  0.06152497 -0.06126282]		n	[ 0.04351372  0.1468783  -0.37271598  0.21971329  0.00797621  0.2889983
  0.2634854  -0.5097396   0.00305452  0.07027203  0.10074171 -0.11140328
 -0.02840615 -0.22292288 -0.26351354  0.00835178 -0.08445578  0.07405048
 -0.15180571 -0.0944562  -0.13681693 -0.05520186 -0.1190376  -0.12554547
 -0.19009867  0.05615225  0.0430955   0.03681109 -0.02695869  0.05067805
  0.02116717 -0.06303205 -0.05560334  0.00789266 -0.00300072  0.00280705
  0.00404966  0.09902618 -0.03536647 -0.02281613  0.07750118  0.0210112
  0.20571429  0.01574229  0.0028871  -0.00728559  0.01659107 -0.07226254
  0.01519698  0.08771178 -0.07773629  0.02537633  0.01245946  0.00541563
  0.17483129  0.07467165  0.06118288 -0.03609297  0.06621463  0.01015964
  0.24502702  0.02166641 -0.07054673  0.08364816 -0.00201328  0.09642711
  0.0300182   0.10602226 -0.0997657  -0.17631815  0.03457848  0.15620688
 -0.277133   -0.02180479 -0.08400372  0.033735   -0.10774277  0.12417406
 -0.0386632  -0.05542333 -0.05090046  0.13350375  0.1702755  -0.06477117
 -0.06029357 -0.02376063 -0.11147331  0.00922189 -0.05517102 -0.01741146
 -0.02894214  0.09742478  0.10679232  0.04018757 -0.02835297  0.01535248
  0.03516448  0.07633511  0.0144475   0.09250425 -0.06465055  0.04046798
 -0.05378594 -0.00835314 -0.05193042 -0.01103876 -0.02936737  0.02964151
  0.04184854 -0.05991093 -0.00196877 -0.05188333 -0.01912853 -0.1023189
 -0.15938549 -0.04851757  0.20225349 -0.2541108  -0.04797553  0.0631923
 -0.0559379  -0.03495935 -0.22878122  0.08410647 -0.20826158  0.16349478
 -0.09765553 -0.07258116]		P	[ 8.12597424e-02  1.48579791e-01 -3.57805520e-01  2.11727366e-01
 -7.28870854e-02  2.04201296e-01  1.23866640e-01 -2.58434504e-01
  3.61114927e-02 -8.60025138e-02  2.76060887e-02 -2.40484238e-01
 -4.24303114e-02 -1.34034365e-01 -8.31859708e-02  5.22618964e-02
 -1.83359712e-01  1.02511510e-01 -9.62585434e-02 -9.04258788e-02
 -1.55362472e-01 -7.83569887e-02 -1.14432156e-01 -1.02877915e-02
 -8.08885843e-02 -1.49725333e-01 -5.93105331e-02 -4.28296104e-02
 -1.72958836e-01  1.28021881e-01  1.37528881e-01  7.17883278e-03
 -8.10966194e-02 -8.62088427e-02 -2.87279505e-02  5.10974787e-02
 -1.17530279e-01 -8.84874687e-02  1.35737211e-02  2.89447443e-03
  6.57565072e-02 -8.97134934e-03  1.41364336e-01  6.69600293e-02
 -1.28977643e-02  7.96000436e-02  5.21501452e-02 -7.49245659e-02
 -5.36068752e-02  1.22372217e-01 -4.56748195e-02  6.33841828e-02
  7.52545297e-02 -4.62201312e-02  9.86315757e-02  1.33801028e-01
  3.71317263e-03 -5.76850679e-03  1.03918277e-01  4.94263619e-02
  1.79459378e-01  1.21533990e-01 -1.50083393e-01  1.03521258e-01
  1.02316894e-01  6.82798550e-02 -9.13961828e-02  6.61490038e-02
 -1.26320228e-01 -2.34351799e-01  6.40847012e-02  1.71630397e-01
 -3.31423134e-01 -2.70085521e-02 -7.09060580e-02  6.72865734e-02
 -9.97378081e-02  1.73024505e-01 -1.21573150e-01 -8.38438720e-02
  5.15397787e-02 -2.33657770e-02  2.03208104e-01 -2.28031769e-01
 -8.09010789e-02  5.51235825e-02 -7.28224814e-02  8.63037407e-02
 -1.88515693e-01 -1.81073323e-01  3.14319283e-02 -7.80677646e-02
  1.02824420e-01  1.53162986e-01  1.18034547e-02  8.20880681e-02
 -8.48478731e-03  2.56436155e-03  1.42255044e-02 -7.47530758e-02
  1.34144211e-02 -3.29422168e-02 -1.17380880e-02 -2.12965608e-02
  1.11814532e-02 -7.96577806e-05 -3.32364328e-02  5.64943403e-02
  4.25957935e-03  5.88229299e-02  7.15236962e-02  2.87121814e-02
  4.12034728e-02  3.32175680e-02 -9.38413516e-02  6.92459196e-02
  4.15537916e-02 -6.79797083e-02 -8.99057835e-02 -1.02140764e-02
  1.40390703e-02 -3.53632569e-02 -6.14253758e-03  1.31227877e-02
 -1.89380441e-02  8.13193023e-02 -3.13579440e-02 -8.10480788e-02]		[C@H]	[ 0.15361923  0.14825909 -0.45534876  0.28025326 -0.51212335  0.2128161
  0.11496478 -0.4453073   0.06449655  0.00927739  0.20521942 -0.06407882
  0.00730605 -0.10942086 -0.34002924  0.1498922   0.10539158  0.1700085
 -0.03610075  0.08659016 -0.36338386 -0.0727511  -0.21802741  0.13342749
  0.08756161 -0.03345251 -0.00249733  0.11441066  0.03198806 -0.17613468
  0.0177959  -0.05700197  0.14746691  0.04453637  0.04088053  0.05752784
  0.08191407 -0.00344687 -0.03776701  0.03725766  0.0116802  -0.00585363
  0.3378109  -0.15310478 -0.11298608 -0.09640877  0.08063331  0.04293249
 -0.04203134  0.0154601   0.19189239  0.01019459 -0.06100575 -0.04341853
  0.1506956   0.14134167 -0.0233845   0.01283552  0.08670107  0.13970372
  0.06072143  0.15192418  0.04344273  0.04730315  0.1571347   0.09267791
 -0.24994078  0.04444838 -0.18686359 -0.19138584  0.05688925  0.01107171
 -0.25437906 -0.17164056  0.20040524 -0.13853788  0.08175495  0.04203191
  0.04007461 -0.16072987 -0.02630557  0.05666457 -0.05897912 -0.08170037
 -0.00382642  0.07189148 -0.04463265  0.02552368 -0.08211719 -0.07942816
 -0.01243744 -0.01062197  0.01294234  0.06201816 -0.01530957  0.09003606
  0.04349084  0.00307577  0.03314901  0.00095606  0.13550305 -0.09681223
  0.09796184  0.11809033  0.03995465 -0.06533235  0.11061709 -0.06971053
  0.16627926  0.03881503  0.14609247 -0.05060643  0.01880904  0.09339974
  0.16297393  0.05196761 -0.06748418  0.15779224  0.08943866 -0.0473187
  0.03225625 -0.03698104  0.16003844  0.08062225  0.11262383 -0.01547149
  0.01965042 -0.01188092]		-	[ 0.12807065  0.06031922 -0.2282213   0.04996611 -0.20155595  0.11657666
  0.50561315 -0.12957165  0.02634518  0.03293141  0.08482619 -0.17236325
 -0.01288363 -0.24422468  0.0131149  -0.11544815 -0.0958338   0.13067034
 -0.04126509  0.0117612  -0.20049435 -0.1651375  -0.25245655 -0.00649034
 -0.05514134 -0.09393107 -0.06400313  0.16676673 -0.13130052 -0.01920731
  0.10389762 -0.03321384  0.17490605 -0.00578226 -0.0447404   0.05263001
 -0.07626724 -0.13389394 -0.06051596  0.06288596  0.0448178  -0.00270687
  0.19468863 -0.02464652 -0.02451485 -0.0027082   0.08613743 -0.09992585
 -0.08297218  0.08525016 -0.01944966  0.0732963   0.07988942  0.13102596
  0.02169142  0.16501564  0.08424754  0.01727051 -0.06191541 -0.0155476
  0.00183016  0.26751477  0.0034045  -0.04280618  0.07950268  0.05268347
 -0.38152763  0.08479833 -0.19258825 -0.24413557 -0.01611912  0.07896337
 -0.15755086 -0.03214595  0.03760568  0.09042177  0.01452635  0.24504627
 -0.17513189 -0.23499101  0.06769273  0.07133973  0.11289323 -0.29446065
 -0.0180663   0.02642041 -0.13866797  0.18606655 -0.07708201 -0.10893835
  0.19314234  0.00768076 -0.00924077  0.02774682  0.00597923 -0.08640222
 -0.07147994  0.16970445 -0.17670518  0.03267802 -0.0043525   0.0820204
 -0.2500609  -0.01404639  0.06745078  0.03334475  0.01398703 -0.01576147
 -0.01164577 -0.07569968  0.02511228 -0.0367626   0.01698504  0.02059743
 -0.22691542 -0.08687128 -0.05582817 -0.122651   -0.12945826  0.02648032
 -0.15776294  0.06960898 -0.21192205 -0.02133987 -0.24672008  0.20171902
  0.00352104  0.01592918]		F	[-0.31410658  0.05210241 -0.04288355  0.21517926 -0.02747067  0.10495296
  0.04948736 -0.3720946  -0.01505013 -0.03763418  0.0092192   0.21605136
  0.01907684  0.08625658  0.0748561   0.2089102  -0.14841634  0.10263065
 -0.2356647  -0.05519556 -0.10914399 -0.10461351 -0.07944006 -0.08446424
 -0.02746761 -0.24001996 -0.22841471  0.06561219 -0.29353347  0.10026848
  0.10598378  0.04145541 -0.02360922 -0.17066602  0.02256243  0.02950997
  0.0444147  -0.07024654  0.01593079 -0.0319005   0.11886415  0.05599922
  0.13668256 -0.00287189  0.04425976  0.0305281  -0.04136274 -0.09096592
 -0.16726746  0.27652875 -0.09499688  0.03229954  0.07093626 -0.06985576
  0.30414298 -0.01548019 -0.03231237 -0.08528763  0.09177651 -0.10588693
  0.43350518  0.1305921  -0.29398987  0.2885092   0.00202642 -0.12779365
 -0.36605942  0.09193531 -0.08882417 -0.1462763   0.07028911  0.10606591
 -0.19129543 -0.150379    0.1520632   0.13584988  0.02945024  0.02243801
 -0.2029595  -0.21381654  0.07152896  0.0792308   0.18115626 -0.19086987
 -0.02524913  0.1415057  -0.16224858  0.31990498 -0.1193749  -0.0503401
  0.12297571 -0.06960921  0.07339497  0.14875944 -0.00893488 -0.07160459
  0.11002789  0.35301587 -0.04484299  0.09095773  0.10198641  0.00335002
 -0.18346825  0.0205408  -0.01825558  0.09748043 -0.06069748  0.00779189
  0.09839308 -0.14994149  0.02700742 -0.07011766  0.11633687 -0.12497246
 -0.0484527   0.11226363  0.07990243 -0.00534023 -0.02430259 -0.07797004
 -0.05937989 -0.10380903 -0.04267729  0.01312998 -0.08566856  0.30763605
 -0.04757018 -0.1004997 ]		o	[-0.35404027 -0.17771807 -0.37979478  0.19254725  0.01742664  0.22395699
  0.27639633 -0.26115492  0.12254274  0.27057686 -0.11504114 -0.21459396
  0.02475296 -0.5467286  -0.2500936   0.1788044   0.04244715  0.11998643
  0.13048945 -0.0237303  -0.09530544  0.0594473  -0.01539361  0.06100111
  0.02321894 -0.19899318  0.11319304 -0.01516653  0.08011247 -0.03700145
 -0.07197305  0.05380864  0.09091756 -0.1932428  -0.15200397  0.03348259
 -0.29469666 -0.22918019 -0.14502378 -0.11146923  0.27400267 -0.13902089
  0.28111032  0.2620152   0.09237874  0.1044488  -0.02602491 -0.36195812
 -0.03310861  0.1581399  -0.03037911 -0.01312883  0.06587687  0.0087106
  0.07311753  0.03213993 -0.03322415 -0.00401582 -0.08116999 -0.06241812
  0.12177059  0.24930805 -0.14049974  0.10809456 -0.04695116 -0.04296753
 -0.12527151 -0.08431557 -0.0157941  -0.29302362  0.06969962  0.2788515
 -0.30760884 -0.02523092  0.03481679  0.10608646  0.09188775 -0.05027726
 -0.09924302 -0.16469139  0.05861281  0.02721717  0.25671384 -0.18640548
 -0.06381442  0.03929316 -0.06283009  0.24360181 -0.14391796 -0.12695247
  0.10299771  0.07726324  0.12878448  0.11712227 -0.04505149  0.04998247
  0.02798848  0.19623522  0.12485978 -0.01153221  0.09040082 -0.10367383
  0.14450423  0.05913843 -0.08525116  0.05559471  0.07103741 -0.28234166
  0.2132715  -0.22048241 -0.08519067 -0.1097873   0.0216694   0.09659701
 -0.06462576  0.12679712  0.16943924 -0.08153727 -0.254409   -0.11947495
  0.01320733  0.00522272 -0.05966733  0.04196324 -0.00534453 -0.23698656
  0.20151779 -0.04771514]		3	[ 0.05365084  0.02806621 -0.41997197  0.4519864  -0.30888957  0.2852531
  0.02401691 -0.51178706  0.05723875  0.11008029  0.06091871 -0.13539238
 -0.04036571  0.04132917 -0.37396806  0.20856312  0.04194213  0.06626687
  0.05798546  0.09969193 -0.2985295  -0.05117518 -0.2049322   0.22754596
  0.11753443  0.0161005  -0.01475019  0.08125269 -0.10903931 -0.07750739
  0.27414966 -0.09703979  0.22128724  0.10455699 -0.046036    0.04673532
 -0.00960267  0.00772792 -0.07575724  0.01842604 -0.02586845 -0.06683152
  0.24200217 -0.12506929 -0.10332862 -0.11111595  0.10639787  0.04265344
 -0.08929345  0.03528886  0.19750896  0.03646578  0.01024809 -0.07783554
 -0.00883504  0.1400428  -0.07242505  0.04660146  0.10175064  0.12312039
  0.04024784  0.25288132 -0.01866677  0.04582569  0.13603726  0.15589675
 -0.27377373  0.12186761 -0.24173513 -0.19870284  0.0380307  -0.04221381
 -0.2558982  -0.18026589  0.17817585 -0.09946354  0.0306624   0.07818548
  0.00779239 -0.25155273 -0.04378882  0.0432584  -0.09542406 -0.03907887
 -0.00635807  0.01369713 -0.04542767 -0.0859574  -0.02970463 -0.07347672
 -0.09121347  0.01011395  0.00178173  0.02107877 -0.05950215  0.11234285
  0.03313778  0.02281952  0.05319227 -0.04853441  0.11105797 -0.02025343
  0.05598244  0.05463236  0.11378666 -0.03818256  0.06457727 -0.06981888
  0.08775753  0.01442396  0.1318854  -0.03784228  0.00887627  0.07215846
  0.09907909  0.10349904  0.04935408  0.13983326  0.0446706  -0.04480804
  0.04890665 -0.0246029   0.08173567  0.12320312  0.07802702 -0.04943215
  0.00438266 -0.05278685]		4	[ 1.26080990e-01  3.09706002e-01 -4.94768262e-01  3.02228838e-01
 -2.61543244e-01  3.18457603e-01  8.07820410e-02 -4.70620662e-01
  2.85104718e-02 -3.40038761e-02  1.24669038e-01 -9.64369625e-02
 -3.10689397e-02 -3.36119061e-04 -2.78213769e-01  1.66403830e-01
  4.46863882e-02  1.76637873e-01  1.23482933e-02  4.60687093e-02
 -3.11561763e-01 -4.31590416e-02 -1.56054184e-01  1.52808964e-01
  1.66659087e-01 -8.88374746e-02 -1.47324041e-01  4.04600315e-02
 -1.52423710e-01 -8.69968385e-02  1.54307649e-01 -3.34439240e-02
  1.54425189e-01  2.47258581e-02 -1.92150380e-02  7.29362480e-03
  2.96901222e-02 -1.77519955e-02 -5.24871424e-02  6.64530843e-02
 -5.50653366e-03  2.30680872e-02  3.35309386e-01 -7.40902945e-02
 -1.52497247e-01 -1.53495213e-02  1.32656783e-01  3.85973193e-02
 -7.94789642e-02 -1.07915075e-02  2.44824678e-01 -7.58445589e-03
 -1.13880858e-01 -2.98096947e-02  2.27485165e-01  8.23420435e-02
  2.90980544e-02 -3.21682356e-02  6.20840192e-02  9.15654153e-02
  8.02652445e-03  1.96636515e-03  7.71965161e-02  3.13513055e-02
  8.58876780e-02  9.38403830e-02 -2.57398516e-01 -1.98620204e-02
 -1.42833829e-01 -2.74836093e-01  9.62300412e-03  8.48379806e-02
 -3.11782897e-01 -1.21006593e-01  1.26826704e-01 -1.14746623e-01
  8.77299085e-02  9.35188457e-02  3.77075449e-02 -1.61350578e-01
 -3.00140493e-02  3.34681831e-02 -1.14526331e-01 -1.07177952e-02
  1.52946934e-02  1.44876931e-02  3.11172847e-02  5.85121801e-03
 -2.41937451e-02 -5.62772118e-02  1.25767393e-02  3.97347733e-02
 -5.85656660e-03  1.41591451e-03 -2.02089176e-02  8.29460695e-02
  7.90769700e-03  3.20411427e-03  4.84125083e-03 -4.25456651e-03
  1.41439289e-01 -1.04603395e-01  1.02126785e-01  1.50681332e-01
  4.91204038e-02 -6.45874515e-02  1.33599371e-01 -1.19456731e-01
  1.66285738e-01  2.02616509e-02  1.35238454e-01 -5.59169240e-02
 -4.84791361e-02  1.30135298e-01  5.96156977e-02  1.49600372e-01
 -2.43352335e-02  2.62450933e-01  2.54137106e-02 -7.42820725e-02
  4.56672758e-02  3.93729359e-02  1.57101508e-02  1.64242283e-01
  2.14596223e-02 -9.83781517e-02 -6.45325407e-02 -4.93113808e-02]		[C@]	[ 0.24265677  0.38801682 -0.4179604   0.44638264 -0.4141482   0.18872564
 -0.04450451 -0.37424013  0.10515252  0.2000281   0.03842826 -0.10685094
 -0.06162243  0.02790204 -0.46724415  0.23145518  0.021215    0.0963932
 -0.13761917  0.01764323 -0.2788962  -0.03841647 -0.14296     0.07541919
  0.12913103 -0.09585211 -0.02038627 -0.01675256 -0.05115698 -0.06155252
  0.03812808 -0.00523397  0.31378242  0.0024764  -0.00089772 -0.02217223
  0.1150803  -0.02477972 -0.10925449  0.08109803  0.0280166   0.00951988
  0.34936783 -0.11806766 -0.20049447 -0.00270048  0.11109911  0.03432975
 -0.0603411   0.00390017  0.16783066 -0.02461727 -0.05472151  0.00354081
  0.12861438  0.0965341  -0.02086575  0.00393206 -0.03126797  0.05482742
 -0.0269906   0.14688472  0.08816007  0.04092619  0.03899673  0.13527466
 -0.24603595  0.11175309 -0.19747525 -0.16103843 -0.02259507 -0.03965776
 -0.13997139 -0.10838621  0.11775554 -0.00316718  0.03872909  0.06392153
 -0.04542548 -0.29601973 -0.00190382  0.07213125  0.1352742  -0.06296577
  0.03800835 -0.00361316 -0.01588877  0.09279091 -0.00760988  0.04908976
  0.0872793   0.03389274 -0.05863154 -0.04675119  0.08008143 -0.0567598
 -0.02970311  0.01568323  0.01929497 -0.05070874  0.11320275  0.01412924
  0.01893225 -0.01368826  0.09136045 -0.04813503  0.06867188 -0.1106088
  0.10422091 -0.06555366 -0.01681193 -0.08078577 -0.00280155  0.04642677
  0.06050915  0.04512204 -0.02245343  0.13924302 -0.00249712 -0.07512165
 -0.03260095  0.03922012  0.01431929  0.03391592  0.0051331  -0.09264344
  0.07618834  0.04320013]		Br	[-0.24328133  0.23121466 -0.5350178  -0.11377779 -0.21645474  0.1138975
  0.00377568 -0.50200945 -0.05664312 -0.07594843  0.39209878  0.33842155
  0.08099604 -0.35973364 -0.13971278  0.16294222 -0.32104772  0.1753309
 -0.0961997  -0.13254184 -0.1557276  -0.08608213  0.08880462  0.14087103
  0.23949097 -0.32360774 -0.17927429 -0.30376536 -0.08185416  0.23164965
 -0.00850192  0.3252812  -0.14587882  0.15840971  0.02106231  0.01484319
  0.05899459  0.20135698  0.0516292   0.02816415 -0.05614111  0.18561277
  0.0400571  -0.13931054 -0.07448395 -0.04109402  0.14624573  0.18807176
  0.02268714  0.06960119  0.06497417  0.09521678  0.16316767 -0.05724008
 -0.08846921  0.40667433  0.00370883  0.10359102  0.06873341  0.20934239
 -0.12402696  0.26703325  0.13100852 -0.07537934  0.04224978  0.02662171
 -0.25016806  0.30897328 -0.17058747  0.04845555 -0.01342493 -0.29992822
 -0.25906432 -0.24628992  0.11158533  0.12788671 -0.30359006  0.11693387
 -0.2585747  -0.19210756 -0.01339875  0.06005443 -0.18997066 -0.18255326
  0.01216251  0.05679014 -0.18050835  0.00662036 -0.09145173 -0.16372907
 -0.13025962 -0.27071586 -0.004328    0.16036028 -0.05548244  0.09857981
  0.06635066  0.04098346 -0.20659286  0.00441301  0.2163211  -0.24152832
 -0.06429465  0.04506208 -0.17499179  0.09522247  0.09470759 -0.11111782
  0.14624162  0.03136105 -0.14811306  0.06347177  0.05955523  0.23884222
 -0.4275569   0.17332868  0.03867451 -0.09227295 -0.33140796  0.00180187
 -0.06782145  0.10365142 -0.12980492  0.0351907  -0.10204912 -0.0913666
  0.04702893  0.00240912]		Cl	[-2.99464911e-01  2.38604367e-01 -5.61681151e-01 -8.18189532e-02
 -2.42670968e-01  1.44396946e-01  5.88283176e-03 -4.69789982e-01
 -6.57357723e-02 -1.05689734e-01  3.78937006e-01  3.22233379e-01
  7.93558583e-02 -3.76262665e-01 -7.41501749e-02  1.60906002e-01
 -3.29883635e-01  1.68795437e-01 -8.53123963e-02 -1.53264895e-01
 -1.76860854e-01 -7.25834817e-02  9.16711688e-02  1.52584448e-01
  2.68580347e-01 -3.33044320e-01 -1.89110234e-01 -3.46026599e-01
 -9.60330665e-02  2.54896432e-01 -1.87591038e-04  3.42956483e-01
 -1.39180630e-01  1.32518217e-01  4.34257425e-02  1.31570902e-02
  5.52278832e-02  1.63332373e-01  4.14038971e-02  3.75806130e-02
 -3.84508632e-02  1.75831616e-01  4.36537080e-02 -1.26185298e-01
 -8.05402026e-02 -1.71681847e-02  1.41956568e-01  1.70614630e-01
 -6.61873631e-03  7.59952590e-02  1.03023566e-01  9.40372348e-02
  1.50432795e-01 -7.37698749e-02 -5.55611253e-02  4.19809699e-01
 -9.01462138e-03  1.01095557e-01  7.89140761e-02  2.19280839e-01
 -1.29271418e-01  2.80407608e-01  1.21296003e-01 -5.04419021e-02
  3.52587663e-02  4.63729836e-02 -1.97705969e-01  2.94023067e-01
 -1.64373308e-01  3.20629515e-02 -1.53374020e-02 -2.66361713e-01
 -2.75576681e-01 -2.14115843e-01  6.58953413e-02  1.35975271e-01
 -3.13785315e-01  1.23775348e-01 -2.52413332e-01 -1.73871771e-01
 -1.12254741e-02  5.16222380e-02 -1.80755258e-01 -1.74136415e-01
  2.58123502e-02  2.09527742e-02 -1.75007313e-01 -4.47056675e-03
 -7.27318227e-02 -1.50351197e-01 -1.21106423e-01 -2.73836225e-01
 -2.70530153e-02  1.35331035e-01 -4.30196114e-02  7.38609508e-02
  3.03139426e-02 -3.23663093e-03 -2.29449823e-01 -1.54876504e-02
  2.08512843e-01 -2.61244893e-01 -5.89663498e-02  4.32811528e-02
 -1.86968938e-01  8.15020800e-02  1.15158454e-01 -1.21035911e-01
  1.37646422e-01  4.79063801e-02 -1.73420563e-01  7.17404410e-02
  6.22096434e-02  2.09494129e-01 -4.34861839e-01  1.79608479e-01
  2.97938716e-02 -5.45522347e-02 -3.01976025e-01 -5.19609405e-03
 -9.38137919e-02  1.19226120e-01 -1.46434635e-01  6.75195977e-02
 -1.25430465e-01 -4.16002385e-02  2.12988425e-02  2.58105751e-02]		I	[-2.97186911e-01  2.11404279e-01 -5.27665913e-01 -1.26205266e-01
 -1.98072657e-01  1.06623270e-01  1.07802078e-02 -4.36775327e-01
 -5.78292497e-02 -5.34919836e-02  3.72268498e-01  3.43123108e-01
  7.77626410e-02 -3.49058062e-01 -1.07101597e-01  1.45718828e-01
 -3.07238817e-01  1.51488215e-01 -9.74821597e-02 -1.21578723e-01
 -1.67004198e-01 -8.71454999e-02  6.63645566e-02  1.46745726e-01
  2.54421324e-01 -2.99317002e-01 -1.79689988e-01 -2.90974766e-01
 -7.67918453e-02  2.08989978e-01 -4.50338383e-04  3.11288178e-01
 -1.26827687e-01  1.55155584e-01  5.36842868e-02  2.56846454e-02
  9.25823897e-02  1.80302829e-01  5.90510890e-02  4.47691716e-02
 -6.13140240e-02  1.77137241e-01  4.23876867e-02 -1.70037031e-01
 -9.42391455e-02 -3.94113623e-02  1.51338667e-01  2.04807341e-01
 -4.02593892e-03  9.21422690e-02  1.03679657e-01  9.03653875e-02
  1.65151417e-01 -7.32733384e-02 -7.09514320e-02  4.25338566e-01
 -1.59514342e-02  1.04109809e-01  8.60859230e-02  2.12746724e-01
 -9.63655412e-02  3.14534754e-01  1.13100335e-01 -5.20794280e-02
  4.28338684e-02  5.30962087e-02 -2.48167455e-01  3.14791739e-01
 -1.87726781e-01  3.63544077e-02 -1.93231702e-02 -3.05028200e-01
 -2.57748932e-01 -2.44814545e-01  1.10250503e-01  1.26685306e-01
 -3.01017612e-01  1.17474474e-01 -2.52255023e-01 -2.12542817e-01
 -1.96083002e-02  7.61456788e-02 -1.75694451e-01 -1.80697992e-01
  2.40730550e-02  3.29675153e-02 -1.93910763e-01 -1.07763160e-03
 -7.74835572e-02 -1.45535216e-01 -1.32866234e-01 -2.60968775e-01
 -1.91641618e-02  1.41665384e-01 -5.07982895e-02  8.20270777e-02
  2.56670397e-02  1.06402934e-02 -2.17469007e-01 -8.04896560e-03
  2.05638885e-01 -2.33785748e-01 -5.66613115e-02  4.05182913e-02
 -1.65451199e-01  7.64508620e-02  1.13406956e-01 -1.42810345e-01
  1.45767719e-01  1.84430797e-02 -1.79155052e-01  4.98785004e-02
  5.47468252e-02  2.00917557e-01 -4.37547743e-01  1.81423113e-01
  5.61195537e-02 -6.40125424e-02 -3.08000207e-01 -8.05924181e-03
 -9.66617391e-02  1.36721671e-01 -1.73633039e-01  7.64353275e-02
 -1.46106869e-01 -5.43043390e-02  1.57790855e-02  2.19455473e-02]		s	[ 0.002606    0.18237002 -0.31269988  0.327665   -0.0869783   0.10951374
 -0.03561753 -0.2633214   0.17238255  0.03952472  0.02807146 -0.10628702
 -0.03650959  0.00510401 -0.3615124   0.02894329 -0.11222205  0.16066554
 -0.02932377 -0.0038483  -0.32745928 -0.11332265 -0.2256362   0.18286636
  0.21396194 -0.12836584  0.00531946  0.04606479 -0.0510477  -0.05525477
  0.12628725  0.05291359 -0.00304181 -0.00169413  0.01003433  0.12278303
  0.10916382 -0.01898607  0.13668056  0.05515395 -0.11227635  0.05946339
  0.16142055 -0.2034258  -0.14114808 -0.00280593  0.14526074  0.16753568
 -0.06241693  0.09910727  0.05601039  0.059475    0.0122202  -0.14398152
  0.18865225  0.09427366 -0.01243514 -0.02929811  0.20553108  0.07417804
  0.28337118  0.04086231 -0.14873962  0.14684652 -0.05161833  0.02568251
  0.08667964 -0.02087016  0.01574069 -0.17537102  0.0199817   0.21823359
 -0.24140872 -0.01527938 -0.07719878  0.00141423 -0.07004634  0.06662911
  0.00631229 -0.04648244  0.01242088 -0.00128496  0.28462762 -0.12402902
 -0.09533737  0.06928236 -0.0781109   0.10148856 -0.19948193 -0.11108768
 -0.01024547 -0.00057578  0.13600191  0.16263922  0.00092878  0.09258537
  0.12528028  0.15215577  0.1564793   0.04305539  0.04478186 -0.0960526
  0.07542652  0.00303226 -0.12907963  0.01033059  0.02104168 -0.069089
  0.16227898 -0.10073937 -0.03917944 -0.06870262  0.05664342 -0.04271963
 -0.07470231  0.09245539  0.21161032 -0.14673613 -0.12316422 -0.05636747
  0.02379842 -0.08938609 -0.06589672  0.06699134 -0.02823663 -0.01532659
  0.05142133 -0.08553463]		