C	[-4.95346859e-02  3.58010717e-02  4.73078806e-03  1.70532927e-01
  9.17183980e-03  2.52570882e-02  1.94169662e-03 -4.40639369e-02
  4.83993739e-02 -1.20033108e-01 -6.67044297e-02  4.37904708e-02
  1.42087582e-02  1.27419233e-01  8.06395933e-02 -1.87141926e-03
 -3.83210229e-03 -7.04308376e-02 -1.09487385e-01 -4.54301387e-03
 -8.80562365e-02  1.73388561e-03 -3.63030359e-02 -5.01618721e-02
  9.05105378e-03 -2.25850977e-02  1.92355774e-02 -1.12813324e-01
  2.51934715e-02  4.76787463e-02  3.61777954e-02  1.69960689e-02
 -7.40380287e-02  3.28136533e-02  1.11690611e-01  1.11702047e-01
 -5.29346243e-02 -2.56234258e-02 -8.04974958e-02  5.52556701e-02
 -6.08529896e-02 -6.37982413e-02  1.34585336e-01  4.01784554e-02
  2.54723523e-02 -6.34781569e-02  1.25755304e-02  7.69995674e-02
  9.88739878e-02  2.29351129e-02 -5.75012667e-03  3.48031074e-02
  1.06088944e-01  2.53972933e-02  6.72708526e-02 -2.78883278e-02
 -1.02013856e-01  4.36114445e-02  1.39494967e-02 -7.42755309e-02
 -8.43690056e-03  4.29278798e-02 -2.85412259e-02  7.94808567e-02
 -6.52614459e-02  5.08322865e-02 -7.66277984e-02 -2.76393052e-02
 -1.08223841e-01 -1.03355847e-01  4.43000495e-02 -5.32049425e-02
 -2.83402372e-02 -9.96205606e-04 -2.53007398e-03 -1.68274697e-02
 -4.81390841e-02 -1.28853068e-01 -4.38717306e-02 -6.89318329e-02
  1.22174947e-02 -1.57537907e-02  7.66549408e-02 -1.55359447e-01
  7.76297525e-02 -1.30923107e-01  6.92161685e-03 -5.01279831e-02
 -3.48411985e-02 -2.08221655e-03  6.17665099e-03  5.72439730e-02
 -1.62686664e-03 -2.08821278e-02 -7.11137836e-05  9.96333659e-02
 -5.60726523e-02  3.53842638e-02 -5.71405143e-02 -2.79908031e-02
  1.20568700e-01  7.20304623e-02 -7.46486261e-02  4.82426099e-02
  1.88795999e-01 -5.88294417e-02 -1.48787335e-01 -2.42254138e-02
  2.56212838e-02  9.01276767e-02 -2.50805560e-02  4.43276949e-02
  5.24049699e-02  1.09261453e-01  5.09359241e-02  1.41556501e-01
 -7.38564208e-02 -1.34833515e-01  1.14590898e-01  4.39710952e-02
  5.17509915e-02 -7.37425163e-02 -4.06575687e-02  1.10188790e-01
  1.89974964e-01 -9.28063840e-02 -7.64526576e-02 -5.48468456e-02]		=	[-0.03731546  0.0643726  -0.0074388   0.09303772  0.06362356 -0.04193432
  0.04948223  0.02055898  0.03211113 -0.07741879 -0.12681557  0.05928402
 -0.03551999  0.13611215  0.06996809 -0.00066982 -0.01678082  0.02937895
 -0.07074648 -0.01282586  0.03728542  0.07567471 -0.01667093 -0.0486512
  0.03548448 -0.04068973  0.06536359 -0.11375199  0.05218594  0.05669362
  0.0303672  -0.02271268 -0.06749009  0.0313976   0.07885838  0.1499745
 -0.0526181  -0.04483955 -0.01775824  0.01575595 -0.0197058  -0.06827195
  0.12345657  0.08239712  0.00112204 -0.07401919  0.02346721  0.05731948
  0.07395115 -0.03161396 -0.02142702 -0.00889534  0.12193123  0.0347551
  0.04800507 -0.00793407 -0.11163135  0.03770054  0.0147216  -0.0588839
 -0.01754694  0.06497325 -0.05361163  0.06919695 -0.0644334   0.04811862
 -0.07722054 -0.0451271  -0.09578729 -0.10176091  0.02159436 -0.03646922
 -0.01984038  0.01810861 -0.00926348  0.00146871 -0.05589807 -0.13376755
 -0.04546605 -0.07836463  0.00140103 -0.01334087  0.07559093 -0.1915855
  0.09880477 -0.14236295 -0.01812051 -0.06449023 -0.04730638  0.00547603
  0.00839091  0.04638653  0.01766868 -0.03136713 -0.02019266  0.05329093
 -0.03136067  0.02682115 -0.02337196 -0.01063698  0.12965366  0.08253419
 -0.07642299  0.01819594  0.17977892 -0.05038632 -0.1644541  -0.02428797
  0.0318827   0.07859343 -0.04884849  0.03292356  0.03290271  0.11934847
  0.05787136  0.13170654 -0.06838126 -0.1183666   0.13870232  0.05326073
  0.04056727 -0.09316664 -0.11175901  0.12926064  0.13102286 -0.069072
 -0.10353247 -0.10380016]		(	[-0.06330353  0.09917041  0.0237854   0.18829022  0.01121808  0.03714467
  0.00046793 -0.00868989  0.10012201 -0.13221523 -0.08637951  0.07327127
  0.0480163  -0.00597185  0.02248927  0.00809303 -0.00555742 -0.16283098
 -0.07312228  0.01126359 -0.05712066 -0.00787367  0.02007242 -0.03197264
  0.01142253  0.01765376  0.02866994 -0.0803504   0.01868195  0.06786244
  0.08276712  0.01633308 -0.05314194  0.0510142   0.07296477 -0.00984016
 -0.10246408 -0.01898112 -0.09631384  0.08627504 -0.06841755 -0.05751411
  0.14086513  0.05864965  0.01879701 -0.06258529  0.01311726  0.06015322
  0.08352149 -0.0006188   0.03619154  0.03517041  0.10587135  0.02397332
  0.01973178 -0.00200803 -0.03692328  0.06936552  0.02558934 -0.06156547
 -0.07655521  0.06503378 -0.03467425  0.03639428 -0.10307194  0.06162888
 -0.03028398 -0.0564295  -0.07957318 -0.04269767  0.01491268 -0.08947399
 -0.01757427 -0.04375305 -0.05113445 -0.01534581 -0.08367675 -0.08902998
 -0.06978232 -0.08494604  0.05370646 -0.00978654  0.12170468 -0.18331538
  0.10775377 -0.2025488  -0.02474185 -0.07592378 -0.0347342  -0.01832983
 -0.03552629 -0.00842077 -0.03196991 -0.04358207 -0.0516088   0.01516424
  0.00840754  0.0143624   0.00521348 -0.06457233  0.11600611  0.09723067
 -0.06110806  0.04227958  0.20997685 -0.04918973 -0.10894117 -0.03662991
 -0.00341589  0.03720143 -0.05855301  0.02431978 -0.01848948  0.10809363
  0.05140609  0.14711502 -0.08394469 -0.07113408  0.17696612  0.10369729
  0.02124068 -0.08248043 -0.03603932  0.10506025  0.12500286 -0.08368912
 -0.13447034 -0.12374141]		)	[-0.10772452 -0.02916951  0.0394209   0.18653934 -0.00881034  0.04614067
  0.02312373 -0.0274907   0.08830506 -0.07970706 -0.12864204 -0.05145591
  0.03478064  0.07011382  0.06863106  0.02095712 -0.02360374 -0.1006182
 -0.05172628  0.06094018 -0.17313601 -0.06411582 -0.0149562  -0.03403809
  0.07179974 -0.00044134  0.08014698 -0.03542463  0.00565775  0.08138746
  0.10680743 -0.0248586  -0.06120665 -0.01401844  0.10132243  0.01706299
 -0.15178262 -0.04698801 -0.10090031  0.06373887 -0.11820257 -0.05747313
  0.06784277 -0.00676003  0.08356224 -0.08428671  0.05785344  0.07489105
  0.06244484  0.05817391  0.04990552  0.02479968  0.07559147 -0.00659013
  0.04769764 -0.03772286 -0.09636883  0.06538446  0.0620132  -0.04220508
 -0.00141912  0.05575777 -0.09551132  0.02205019 -0.093229    0.01381876
 -0.09446649 -0.03318484 -0.12337334 -0.09445957  0.04895646 -0.08059733
 -0.03200985 -0.0154692  -0.04898006 -0.03261616 -0.10708561 -0.15318689
 -0.0344042  -0.04407815  0.00603291 -0.03886152  0.11188788 -0.10622764
  0.08774777 -0.19206099 -0.01590387 -0.10661199 -0.04755293 -0.04250599
  0.02715552  0.05537637  0.00323871 -0.02467418  0.01911008  0.05496458
 -0.05910211  0.00630429 -0.047588   -0.01916036  0.06237902  0.08896152
 -0.05740164  0.08564682  0.2604283  -0.07117325 -0.16007282  0.00770448
  0.01701408  0.06123593 -0.0471519  -0.00727167  0.04225076  0.14084604
  0.06099382  0.08767214 -0.04014504 -0.12244716  0.14115988  0.03794178
  0.04050194 -0.08320282 -0.01103821  0.07011175  0.14584301 -0.14709151
 -0.1209597  -0.0636142 ]		1	[-1.01623625e-01  1.10697784e-02 -8.41260850e-02  2.01411322e-01
  5.69971686e-04 -6.17561974e-02  3.98329794e-02 -4.09808345e-02
  1.04990363e-01 -1.04367241e-01 -1.86728299e-01  6.28074445e-03
  5.09342626e-02  5.58054373e-02 -4.60345391e-03 -4.04345542e-02
  4.10912856e-02 -1.20501444e-01 -1.38414949e-01  2.00219322e-02
 -1.32330403e-01  3.62968855e-02 -9.63755156e-05 -1.76945943e-02
  1.80870201e-02  7.23856166e-02  5.50075620e-02 -4.93046045e-02
 -2.01032348e-02  2.06982102e-02 -1.01524796e-02 -1.05329680e-04
 -5.62023036e-02  1.45721836e-02  1.17883287e-01  3.18343267e-02
 -5.23019210e-02 -4.52415198e-02 -5.79526313e-02  6.49893731e-02
 -1.10351115e-01 -8.39985907e-02  1.51658520e-01 -5.41364551e-02
  4.65989709e-02  5.39834099e-03 -3.40394378e-02  2.93365978e-02
  1.49511322e-01  3.33653726e-02  7.07080886e-02  9.46146771e-02
  7.70940855e-02  1.62427537e-02  4.07232381e-02 -7.17542097e-02
 -4.43399623e-02  3.75927798e-02 -8.74815229e-03 -4.22488675e-02
 -1.11600347e-02 -3.19286361e-02 -3.89705189e-02  6.23128153e-02
 -1.28446259e-02  6.22417107e-02 -4.03733402e-02 -2.10980531e-02
 -8.89829025e-02 -1.07824758e-01  4.14788425e-02 -5.48495129e-02
  2.02307086e-02 -2.39941315e-03  4.46295366e-03  3.01527232e-02
 -2.38820259e-02 -1.23673648e-01 -9.12409928e-03 -8.86408240e-02
  2.63249334e-02 -1.44244870e-02  8.61836895e-02 -1.54803887e-01
  4.00910676e-02 -1.47256210e-01 -2.94773448e-02 -2.54098717e-02
 -3.11240107e-02  1.39974402e-02 -1.51123479e-02  5.21067865e-02
  4.74600308e-03 -5.76431230e-02 -3.01603470e-02  6.95186704e-02
 -2.19664071e-02  2.70072017e-02  3.98542127e-03 -2.65746713e-02
  1.36659890e-01  9.85177457e-02 -4.69081961e-02  2.29755081e-02
  2.13889241e-01 -2.37196293e-02 -1.32060215e-01 -4.73405700e-03
  4.52237725e-02  8.33579078e-02 -1.81457754e-02  8.29689428e-02
  3.67864892e-02  1.18690372e-01  8.46397504e-02  1.33256987e-01
 -6.61255270e-02 -1.52128741e-01  1.87292889e-01  8.30838531e-02
  3.90892811e-02 -5.60625531e-02 -6.75580651e-02  1.08013749e-01
  1.59409359e-01 -1.56020060e-01 -1.58129826e-01 -1.11236185e-01]		N	[-0.08460039  0.11130047  0.15974514  0.2379793  -0.05665634 -0.08064525
  0.07955009 -0.00488859  0.06187459 -0.20566225 -0.14119184  0.07800178
  0.05851493  0.01362665  0.10470118 -0.01456703 -0.04005796 -0.09143535
 -0.07449948 -0.00904138 -0.14839412  0.03002255 -0.05794376  0.02882766
  0.07675698  0.00596374  0.04532134 -0.1093004  -0.00096556  0.03970652
  0.09931679 -0.04842895 -0.05714367  0.004835    0.09663364  0.11330059
 -0.08265293 -0.06980767 -0.04993292  0.09453622 -0.0246155  -0.09794756
  0.14412902  0.10785287  0.0144421  -0.06116834  0.06073982  0.11626871
  0.09725524 -0.04154681  0.00342     0.02956233  0.11012369  0.02229761
  0.00663587 -0.00691162 -0.14472514  0.06232248  0.06282442 -0.07523347
 -0.03806768  0.10661699 -0.03928868  0.07458427 -0.09689389  0.03615047
 -0.08475769 -0.05148873 -0.09725631 -0.05012905  0.01728558 -0.10876079
 -0.03690818  0.02259341 -0.0515395  -0.00548212 -0.11334692 -0.12212841
 -0.04591905 -0.03073925 -0.00573637 -0.01322374  0.03569992 -0.10855827
  0.05971581 -0.1604463  -0.02701327 -0.11564182 -0.05544285 -0.07538643
  0.02071159  0.01180196  0.01546003 -0.02948963 -0.02547731  0.0464229
 -0.0324322   0.01683016 -0.01440334 -0.05376247  0.09098041  0.03210922
 -0.03702784  0.04470455  0.17398714 -0.05884723 -0.11731333  0.0112865
  0.07540672  0.11056063 -0.01777868  0.03854972  0.03510939  0.06895915
  0.06138675  0.06449556 -0.06053926 -0.10266782  0.06837209 -0.02160832
  0.02620061 -0.03131793  0.03992878  0.08941744  0.10294599 -0.10807329
 -0.11187236 -0.02303962]		O	[-0.02613987  0.06751988 -0.05217461  0.20330007  0.06398851 -0.00059518
  0.05402235 -0.07049297  0.03622067 -0.15344533 -0.09667455  0.13696001
  0.13986816  0.02227499  0.11512903  0.03202306 -0.06987813 -0.00578913
  0.00677073 -0.04206992 -0.16715242  0.02708566 -0.04727922 -0.0520893
  0.08326159  0.01612714  0.04076642 -0.05866554  0.03076918  0.06049129
  0.04378018 -0.0724545  -0.0917002   0.0039448   0.10678554  0.129517
 -0.10652943 -0.10623077 -0.00746382  0.0911494   0.04352735 -0.09541481
  0.15090606  0.06563521  0.04117648 -0.00073282  0.00076649  0.05250033
  0.10054453  0.01232417  0.00959925  0.03819075  0.05577236  0.02122859
 -0.06468014 -0.00199164 -0.16888313  0.0665081   0.10340882 -0.04616239
  0.05611424  0.0835298  -0.046407    0.08323774 -0.07548406 -0.01350302
 -0.11937792 -0.05183168 -0.0982869  -0.06858206  0.01147365 -0.16549231
  0.04532335  0.01337979 -0.01780764  0.03056035 -0.11339419 -0.07376842
 -0.04771353 -0.02758799 -0.01586677 -0.00546275  0.07018929 -0.11984657
  0.08468109 -0.13200556 -0.0452525  -0.08713697 -0.0417043   0.01619882
 -0.02342575  0.03866642 -0.03135436 -0.02482619 -0.01159426  0.0391413
  0.01102682 -0.02573392  0.00046782 -0.02777654  0.08718592  0.11235148
 -0.04940249  0.04149139  0.24611229 -0.06033183 -0.09236585  0.05203385
 -0.00186912 -0.01625503 -0.06000734  0.02995026  0.0679151   0.1702017
 -0.00846573  0.08026518 -0.07989198  0.00281693  0.15171008  0.1260362
  0.05228027 -0.06075014 -0.09486447  0.05353428  0.1615786  -0.11060673
 -0.13333504 -0.09840172]		2	[-1.15780167e-01  1.01320237e-01  4.43636952e-03  2.21102655e-01
 -3.11330743e-02 -3.62985432e-02 -5.84276905e-03 -5.29011115e-02
  2.37111390e-01 -1.59372374e-01 -7.95152709e-02  1.09017543e-01
  1.93218701e-02  7.63842463e-02  7.03763515e-02  4.80316617e-02
 -2.47028098e-02 -1.10640354e-01 -1.42378554e-01  5.41287176e-02
 -1.58563495e-01 -1.67177655e-02 -4.22605872e-02  8.15707371e-02
  7.27741793e-02  4.36061621e-03  9.34117381e-03 -3.25809196e-02
 -1.44336111e-04  1.10130645e-02  7.20326975e-02  1.38992053e-02
 -3.29950266e-02  2.33237818e-02  9.85744298e-02  5.04662953e-02
 -8.47118571e-02 -3.97788398e-02 -1.14232518e-01  1.12978414e-01
 -1.26311734e-01 -4.92496341e-02  8.72510001e-02 -2.12320033e-02
  3.55046988e-02 -2.27596723e-02  8.47101491e-03  9.05807689e-02
  8.84995162e-02  4.94370386e-02  9.38141346e-03  7.11567774e-02
  7.76399001e-02  2.14951541e-02 -5.07114176e-03 -2.96015735e-03
 -5.37963137e-02  5.98228984e-02  5.67489909e-03 -5.51908836e-02
 -5.29311076e-02  3.32819000e-02 -1.38211772e-02  5.19018061e-02
 -4.82187308e-02  7.85793886e-02 -6.27562702e-02 -4.46912870e-02
 -6.35685548e-02 -3.65545340e-02  5.40723000e-03 -8.50806907e-02
  1.75418332e-02 -7.42302015e-02 -5.50746620e-02 -3.65117155e-02
 -8.78524557e-02 -7.10841864e-02 -3.94408517e-02 -6.51794225e-02
  5.25209382e-02 -2.44028307e-02  1.11759633e-01 -1.04078330e-01
  9.36303884e-02 -1.59694687e-01 -2.23220009e-02 -2.20640358e-02
 -4.29142863e-02  4.60125208e-02 -1.27267549e-02  5.97653538e-02
  1.00985840e-02  1.83033068e-02  6.28748983e-02  7.67766833e-02
 -6.65788054e-02  1.32647417e-02 -3.27432938e-02 -2.14924030e-02
  6.09123483e-02  1.07075356e-01 -8.78828838e-02  7.92575479e-02
  1.43103555e-01 -9.57418680e-02 -1.56504378e-01 -3.61579768e-02
 -7.28911778e-04  7.18807355e-02 -2.55893059e-02 -3.99144851e-02
  8.50063190e-03  1.73227414e-01  3.14164907e-02  1.20784648e-01
 -7.85279647e-02 -1.35081053e-01  8.97140652e-02  1.99970603e-02
  6.36871788e-04 -1.02046072e-01 -5.96150495e-02  8.08305517e-02
  1.82459801e-01 -1.08499229e-01 -8.45419541e-02 -1.21616445e-01]		3	[-0.19475943  0.11153471  0.01560084  0.10849574 -0.01141516 -0.03604064
  0.13842712 -0.124708    0.03977015 -0.08957346 -0.1888492  -0.0313612
  0.0557169   0.11594991  0.08099233 -0.05676645 -0.02838865 -0.03757741
 -0.01215749  0.03903933 -0.1330821  -0.09398873 -0.04817454 -0.07537998
  0.04755183 -0.03288118  0.02449962 -0.19603993  0.01377116  0.01344991
  0.06785498  0.04292044  0.03085412  0.05132336  0.06191618  0.02588114
 -0.01435725 -0.00770417 -0.07827065  0.07311401 -0.01139373 -0.08786645
  0.17441508  0.13447565 -0.01075621 -0.0611259  -0.07152955  0.11529778
  0.14180356 -0.02775656 -0.04448388  0.04085115  0.10111274  0.02677995
  0.04989981  0.05533745 -0.13723692  0.07467884  0.02624652 -0.0281279
 -0.05761516  0.0518648  -0.10921817  0.00914841 -0.0354653   0.09684569
 -0.0783191  -0.02978482 -0.07021307 -0.07352362  0.02801582 -0.05370297
 -0.07282382  0.0557864   0.01252579 -0.01957217  0.01177042 -0.11184018
 -0.07846584 -0.0532493   0.04881673 -0.00435226  0.09405943 -0.13359615
  0.05270101 -0.12342975  0.04570356 -0.10242699 -0.09998292 -0.06868879
  0.09671897  0.11630023  0.08102553 -0.05294376  0.02331011  0.01845046
 -0.11212756 -0.00906789 -0.0367143   0.00815207  0.07624476  0.08360116
 -0.04904322  0.02182806  0.23193629 -0.0010437  -0.14334132  0.01834205
  0.03908353  0.0126149  -0.0493583   0.03066698 -0.04070446  0.15581493
  0.10475584  0.09842184 -0.07523523 -0.02892096  0.12672372  0.06521051
  0.01855426 -0.12320463  0.10631987  0.08713977  0.10468017 -0.02754823
 -0.23548648 -0.06416363]		.	[ 1.03882819e-01 -2.49712844e-03 -3.58333103e-02  2.55102366e-01
  1.33908451e-01  1.14612527e-01  1.46814123e-01 -9.77790952e-02
  1.94588125e-01 -2.83418357e-01 -1.56916291e-01 -6.42612204e-02
 -7.28895143e-02 -2.16470403e-03  1.31933214e-02  1.65631305e-02
 -1.68085319e-03 -2.21738279e-01 -7.54711181e-02  1.16810508e-01
 -4.13082205e-02 -3.31250695e-03  7.49618411e-02 -6.47953972e-02
 -4.23385985e-02 -1.38677715e-03  5.31361364e-02 -1.93167273e-02
 -9.88552570e-02  2.33418420e-02  7.92676583e-02 -7.65836835e-02
 -6.64989129e-02 -2.41934564e-02  9.65154767e-02  7.27110431e-02
 -6.84426352e-02 -3.42352316e-02 -2.74907406e-02  3.57250981e-02
 -6.05006963e-02 -9.62604508e-02  2.39722356e-01  1.52975619e-01
  4.76823114e-02 -1.53165281e-01 -3.22520221e-03  2.28602484e-01
  2.09354132e-01  5.06210588e-02  9.90589615e-03  8.21649134e-02
  2.26517290e-01  4.10143286e-02 -1.04707167e-01  6.76802695e-02
 -1.63959190e-02  7.98125565e-02  4.32840809e-02 -2.27723923e-02
 -3.75802480e-02 -9.23799910e-03 -4.58216779e-02 -6.06128201e-02
 -1.87570900e-02  2.21184175e-03 -2.68669631e-02  5.02506411e-03
 -8.86519626e-02  2.90408693e-02  5.82731403e-02 -6.99043572e-02
 -4.78711240e-02  4.14688028e-02 -9.71002970e-03 -1.00667380e-01
 -8.41031224e-02 -5.03044166e-02 -2.77955513e-02  3.68244871e-02
  3.80492434e-02 -3.66267636e-02  8.57466012e-02 -6.24346696e-02
  1.42962366e-01 -7.18147829e-02  1.48871047e-02  8.04827549e-03
 -5.02275974e-02 -6.61357073e-03  6.61916509e-02  6.75769746e-02
  2.50840746e-02  7.28929276e-03  2.38608159e-02  1.69200095e-04
 -5.77655882e-02 -1.52492253e-02 -4.78146672e-02 -2.66161207e-02
  8.30162913e-02  4.97411788e-02 -6.70691207e-02  9.48953703e-02
  2.93718576e-01 -1.60953447e-01 -1.01965345e-01  4.81015630e-02
  1.10711381e-02  1.30257402e-02 -7.03581423e-02 -3.40197943e-02
  1.13086395e-01  1.00986704e-01  1.06892541e-01  1.29564524e-01
 -3.43985632e-02  1.39627955e-03  1.44825339e-01  9.41244885e-02
  5.93142286e-02 -8.23633596e-02 -1.69601187e-01  1.07925892e-01
  2.10059360e-01 -1.43100306e-01 -3.36673926e-03 -6.77902028e-02]		4	[-0.12699285  0.09317694 -0.01553279 -0.00402163  0.0485195   0.03468247
 -0.06100769 -0.02439193 -0.0009177  -0.11711801 -0.05910446  0.14117406
  0.00900908  0.0448188   0.13507868  0.07612169 -0.00103298  0.00993931
  0.02170934  0.0226155   0.0051765   0.07717194  0.00650188  0.0187465
  0.08950362 -0.00575661  0.03745051 -0.01028645 -0.03647033  0.07664031
  0.05218168 -0.08615869 -0.02526032 -0.02814144  0.00344482  0.0384693
 -0.02910359 -0.06196757  0.03997977  0.01483821 -0.03840942 -0.02540844
  0.10388675  0.13559268  0.02750045 -0.12040053  0.06599323  0.21940461
  0.08252349 -0.00686514 -0.04364923  0.00450831  0.15932944  0.04203657
 -0.02914237  0.08678927 -0.1188866   0.07771042  0.04224359 -0.01371816
 -0.01933312  0.04181979 -0.06709129  0.01953652  0.00355634  0.03084643
 -0.04206824 -0.03212741 -0.1369274  -0.09574091  0.04374408 -0.03027415
  0.02008377  0.04182994 -0.04290744  0.04967143 -0.15747052 -0.21101634
 -0.01209204 -0.0689342  -0.06434219 -0.04830223  0.01641458 -0.1934657
  0.11316305 -0.19924352 -0.087358   -0.03208489 -0.03982802 -0.05860459
  0.02117323  0.02033382  0.07602158  0.00702353 -0.05175056  0.05337853
  0.03090526  0.10749226  0.03625432 -0.01077334  0.11890599  0.0751735
 -0.1218278   0.0109499   0.17982845 -0.05804705 -0.20617647 -0.02412631
  0.06644828  0.14427431 -0.01616809 -0.00155535  0.09345211  0.11058348
  0.09778847  0.05949252 -0.01006504 -0.20178024  0.13511394 -0.01224267
  0.08856086 -0.06775322 -0.21111615  0.14699695  0.1417518  -0.13721637
  0.00387215 -0.16728288]		>	[-0.2295574  -0.07779007 -0.12623608  0.08843118 -0.02716008  0.01262147
 -0.11783392  0.09253246  0.0702498  -0.30152243 -0.10538188  0.20023353
 -0.23358032  0.10421373  0.05152711 -0.1675355   0.18984486  0.00944967
  0.01630023 -0.01000803  0.07933713 -0.10704603  0.08467788 -0.14245765
  0.11018889 -0.06511181  0.02546013 -0.15781307  0.03955348 -0.00986721
 -0.02099128  0.04032178 -0.03421067  0.0028229   0.10374165  0.02331425
 -0.07957686 -0.01606586 -0.11642605  0.17473064 -0.10112579 -0.10551344
  0.21266517  0.12074227  0.06235018 -0.1370417   0.04355526  0.11456017
  0.08782721  0.0048579   0.02662436 -0.02848619  0.17988853  0.04509648
  0.0607907   0.00031456 -0.177023    0.09331764  0.06126822 -0.14076433
 -0.0191354   0.08881595  0.01924221  0.09386351 -0.12444054  0.08814233
 -0.11202018 -0.04603264 -0.16976014 -0.13303755  0.07120106 -0.19102775
 -0.05927091  0.01801927 -0.04928761 -0.10356588 -0.08790909 -0.03663355
 -0.024268    0.05366338 -0.0277032  -0.0052418   0.11678047 -0.13550895
  0.18190141 -0.12423029 -0.00232263 -0.13158655 -0.02000896  0.01140806
 -0.0038998  -0.05882005 -0.07132719 -0.08560596  0.10734881  0.08974732
 -0.1521349  -0.13502383 -0.02782309 -0.06462157 -0.06374653  0.04656892
  0.04428861  0.08643425  0.13259238 -0.05733113 -0.19402929  0.03967869
  0.06693064  0.06237127 -0.01176933  0.03447722 -0.01395951  0.1636944
  0.05179127  0.02157122 -0.03558224 -0.1630143   0.05266105 -0.03057644
 -0.11608258 -0.09332614 -0.00542556  0.11643835  0.10021702 -0.18242879
 -0.23664127 -0.14590265]		5	[-0.01001007 -0.08117066  0.13988303 -0.00322469 -0.08555767 -0.1368502
 -0.07015993 -0.08495439  0.15316957 -0.0970561  -0.33004376  0.0850534
  0.03339308  0.26001257  0.09351265 -0.03696197  0.07982156  0.17919771
 -0.00904032 -0.01239588  0.05402867  0.10171615 -0.21789439 -0.11453832
  0.02399061 -0.10092763  0.03243413 -0.1778957  -0.0453857  -0.03292871
 -0.0158778  -0.05271797 -0.05347482  0.02031896  0.13868663  0.19123554
 -0.02151739 -0.0350382  -0.01372932 -0.03336406  0.18518712 -0.10292149
  0.10675892  0.2791567   0.03145905 -0.06387555 -0.01149276  0.0652161
  0.18455057 -0.08209355 -0.10987757  0.08519804  0.17874607  0.02094315
  0.02723418  0.00283263 -0.1045878   0.04550585  0.01559778 -0.01645104
 -0.04886436  0.05336206 -0.02296516  0.02707473 -0.00777069  0.0704225
 -0.05053829 -0.0216351  -0.01127278 -0.01670952 -0.04077766  0.02214033
 -0.04380709 -0.03950896  0.03343816 -0.06056626  0.01272636 -0.07998186
 -0.09335417 -0.11855362  0.01767202 -0.00704835  0.04502526 -0.23215826
  0.12164088 -0.12399849  0.03849366  0.05402032 -0.02059259 -0.026706
  0.02123221  0.06367088  0.01556681  0.01172689 -0.0121529   0.07131948
  0.02108678  0.06408157 -0.00598479 -0.00188563  0.09302784  0.07751648
 -0.12566477 -0.02806999  0.0440823  -0.00398496 -0.1334347  -0.08718836
 -0.0642578   0.0072007  -0.03628493  0.01331061 -0.01482278  0.17525403
 -0.01821021  0.12917714 -0.14101483 -0.10295784  0.0161203   0.04366723
 -0.06243561 -0.13812152 -0.13520375  0.20043637  0.11679722 -0.05789452
 -0.0985327  -0.22319943]		P	[ 0.07823667 -0.07950067  0.18080752  0.04730999 -0.082104    0.15432358
 -0.06451028  0.07989767  0.01862704  0.01224582  0.04898294  0.11269145
 -0.01902943  0.12463508  0.11775215 -0.02536633  0.09483289 -0.21182254
 -0.17859751 -0.07623861 -0.21629857 -0.04221662 -0.03165588  0.11776858
  0.02714048  0.01810273  0.03095585 -0.02036539  0.1751685  -0.04130041
 -0.12721583  0.1880885   0.02470481  0.02119743  0.1035052   0.0480375
  0.05451154 -0.03089037 -0.11962285  0.16278397 -0.00081397 -0.20471402
  0.23104848  0.07555225 -0.0080887  -0.07593483 -0.01069464  0.11480008
  0.12268087 -0.02447125 -0.03428689  0.0285188   0.08006967  0.00110503
 -0.11734001 -0.06922682 -0.19477698 -0.04529137  0.03498942 -0.05115821
  0.07812588  0.01881869  0.03673756  0.12633362 -0.02145052  0.05621193
 -0.06748672  0.04156046 -0.13762303 -0.06684368  0.08312598 -0.02491798
 -0.03732131  0.0509195  -0.00041864 -0.04076042 -0.06568132 -0.03595419
 -0.04487188 -0.02768822 -0.03618937  0.03494502  0.04220623 -0.24089274
  0.09263352 -0.01677933 -0.03553374 -0.05526144 -0.04519101 -0.02537775
  0.09676041  0.11870942  0.0995029  -0.03194642 -0.03378502  0.18645832
 -0.12045909  0.06014177 -0.01092741 -0.06008967  0.23993102 -0.02457302
 -0.1098851  -0.00636207  0.27337578 -0.09605926 -0.08803449  0.07133236
  0.06843678  0.00463886 -0.03178035  0.11453437  0.13884164  0.07791772
  0.01059658  0.09576225 -0.1185471  -0.03481904  0.07193513  0.08467931
  0.06810851 -0.06775551 -0.11983235  0.164716    0.21737622 -0.13932936
 -0.26017913 -0.11652283]		[O-]	[-2.13618483e-02  2.09833179e-02 -5.07043153e-02  3.34967375e-02
  4.47568856e-02  1.86780188e-02  1.48844317e-01 -1.56822294e-01
  1.49836019e-01 -9.38800797e-02 -1.14223287e-01  8.98698717e-02
 -2.96935365e-02  1.08817488e-01  7.57214203e-02  9.80100036e-02
  7.37003656e-03 -1.74246505e-01 -9.57073420e-02  9.15824324e-02
 -1.36856437e-01 -1.49433866e-01 -1.67592242e-02 -7.60831460e-02
 -6.60299882e-02 -1.60900950e-02  2.61419658e-02  2.35849880e-02
  4.97515574e-02  5.83682023e-02 -1.33136576e-02  5.21800593e-02
 -8.92914608e-02  1.72419399e-02  7.16263726e-02  3.57717350e-02
  3.76970880e-02  1.65017310e-03  6.88032359e-02 -4.41098091e-04
 -5.25669269e-02 -8.78034756e-02  4.07850631e-02 -3.98085825e-03
  8.11129883e-02 -5.92362583e-02  8.72959942e-02  3.60539705e-02
  2.38453336e-02 -2.79426686e-02 -3.54533866e-02 -3.39832623e-03
  2.03204557e-01  4.33066376e-02  7.51402080e-02 -1.83675349e-01
 -5.47659621e-02 -2.83738952e-02 -1.00605534e-02 -4.61909920e-02
  7.92191178e-02 -3.53191048e-02 -1.61173400e-02  1.10462248e-01
 -2.79279798e-02  7.97088668e-02 -1.13127574e-01  2.35353895e-02
 -5.04443087e-02 -9.92583558e-02  1.17722325e-01 -6.44928589e-02
 -3.66423428e-02  7.92314298e-03 -7.96686932e-02  2.26143412e-02
 -1.44238785e-01 -2.41959050e-01 -6.90383464e-02 -4.44958210e-02
  1.00996397e-01 -7.71440379e-03  6.59510270e-02 -2.66812980e-01
  1.23179741e-01 -2.38825947e-01 -7.03741898e-06 -1.64616704e-01
  2.59978864e-02  3.48279327e-02 -1.52128879e-02  3.76444943e-02
  1.64129492e-02  1.47084603e-02 -5.97191416e-02  1.07843302e-01
  2.29140148e-02 -1.21847885e-02  3.40870507e-02 -3.07886545e-02
  2.43145093e-01  5.15230224e-02 -6.15314506e-02 -5.72131202e-02
  2.76022367e-02 -4.77986820e-02 -2.02853397e-01  3.20270248e-02
  6.85391873e-02  1.10787250e-01  2.70269923e-02  5.46740443e-02
 -6.92279935e-02  2.26483524e-01  1.40321422e-02  1.44893527e-01
 -3.43255810e-02 -1.13889821e-01  1.04899898e-01  5.24201617e-02
 -2.99648978e-02 -2.00936303e-01 -6.74318522e-02 -3.22158039e-02
  2.18488559e-01 -2.16695927e-02 -2.99678355e-01 -6.59662113e-02]		6	[-0.04884553 -0.01430661 -0.03825287 -0.11756266 -0.0335045  -0.23295122
  0.12486911  0.09079436  0.1313391  -0.19056205 -0.17263739  0.15413868
  0.03592502  0.08613926  0.05047226 -0.04766179  0.03066399  0.22648466
 -0.02168661 -0.06328267  0.06411919  0.15126434 -0.18663831  0.00100931
  0.03019741 -0.14552777 -0.0735959  -0.17697608 -0.01332437 -0.07315456
 -0.03942551 -0.01399252 -0.00961557  0.03214665 -0.01639039  0.21795319
  0.08056975 -0.00953618  0.00087523 -0.05861602  0.05680843 -0.01972091
  0.03045788  0.17142905 -0.06959956  0.01326949 -0.12366786  0.09195627
  0.06104677  0.08079353 -0.24136063  0.11463242  0.16556649  0.0773547
  0.09974428  0.01132204 -0.16448781  0.08525655  0.02854567 -0.15709575
 -0.08408883  0.17078096  0.02132655  0.10032701 -0.10171151  0.06970926
 -0.08536126 -0.06700356 -0.02392885 -0.05943439 -0.00695958 -0.0395121
 -0.00115589 -0.08312695 -0.03582992  0.05924494 -0.10259116 -0.01899649
 -0.00534933  0.0064626  -0.05094756 -0.02199687  0.12148159 -0.03482356
  0.09126303 -0.13441934  0.09270236 -0.19702016 -0.04228889  0.00175026
 -0.02197925  0.0440174   0.0417002   0.02689366 -0.07203653  0.11029645
  0.07846907  0.16343151 -0.06149057  0.0488928   0.25400063  0.19647934
 -0.18931079 -0.07725242  0.20526066 -0.07155322 -0.1809651   0.02130602
  0.09151997  0.1658349  -0.06501016 -0.01831596  0.0364509   0.08202589
  0.04676119  0.13703431  0.01277869  0.00724043  0.10976981  0.03951343
  0.04541701 -0.08600663 -0.14582804  0.19712123  0.15602118 -0.06899462
 -0.14214271 -0.2079572 ]		F	[-0.04002777 -0.13681254 -0.19105107  0.03949523  0.12519601  0.01354584
 -0.11819616  0.11873546 -0.14167981 -0.01848682 -0.2982609   0.09354436
  0.08282794  0.07087097  0.10454309 -0.0635767   0.01540024  0.11691714
  0.02220217 -0.05345225 -0.25119346  0.0145832  -0.08710272 -0.05246102
 -0.1467427   0.08351279 -0.12008577  0.02155707 -0.00994869  0.09231113
 -0.09118412  0.11858992 -0.12127486  0.13125944  0.09824759 -0.09115492
 -0.12386044  0.08251239 -0.25722754  0.22979088 -0.1938766  -0.05274055
  0.18734592 -0.0271118   0.06700552 -0.16822216  0.22039942  0.1820229
 -0.03616018 -0.04927807  0.1729669  -0.10213283  0.06667607  0.01487472
 -0.16741696  0.09292848 -0.0090315   0.07868959 -0.03967609 -0.03700104
 -0.1304621   0.11958074  0.04035639  0.12848261 -0.16102095  0.06623612
  0.08027008 -0.1291174  -0.25638807 -0.14652099  0.00610949 -0.1702676
 -0.03356706 -0.1488746   0.02419762 -0.15210629 -0.06553305  0.01436356
 -0.05746693 -0.08928899 -0.07659097 -0.07107104  0.09870131  0.07937572
 -0.05170454 -0.01197728 -0.02784974  0.01594967 -0.1172077  -0.05601566
 -0.00995932  0.0751035   0.19979608 -0.0227901  -0.1905268  -0.14230339
  0.13496071  0.16978866  0.11818413 -0.03431951  0.10267039  0.22562832
 -0.2341341   0.17684683  0.28144598 -0.14443795 -0.05966774 -0.21091577
 -0.12923956  0.05818287 -0.07841314 -0.04311995 -0.02581535  0.16784918
  0.13031363  0.09289889 -0.14006184 -0.2707061   0.20247464 -0.03941847
  0.02720909 -0.1090471   0.05322855  0.26337847  0.2709562  -0.20781924
 -0.07502938 -0.11702416]		7	[-2.97786407e-02  9.22261328e-02  1.18694730e-01  2.17304341e-02
 -9.17460024e-02 -1.85729370e-01 -7.48728961e-02 -6.43646270e-02
 -1.72436163e-01 -1.28507450e-01 -3.55875902e-02  1.26791835e-01
 -1.09991573e-01  1.42356023e-01  1.43317774e-01 -5.21290302e-02
 -1.47501761e-02  1.12825416e-01  2.60096677e-02 -5.25632501e-02
  7.30070993e-02  7.10112453e-02 -1.98519781e-01  2.14012787e-02
  1.40135825e-01 -6.12942129e-02  1.59194097e-01 -1.20072782e-01
  4.58295718e-02 -2.33527478e-02  1.15588978e-02 -7.49611780e-02
 -6.63404306e-03  1.60648972e-02 -1.82070583e-02  2.20396310e-01
  3.40499207e-02 -7.86360055e-02  4.85282838e-02 -4.48468328e-02
  1.96689531e-01  1.66473798e-02  1.08926632e-01  1.99609652e-01
  4.70995344e-02 -1.29057527e-01 -2.32677888e-02  8.52438211e-02
  1.13431171e-01  1.51136965e-02 -7.20928237e-02  3.17929983e-02
  4.48734462e-02 -3.04281302e-02 -1.95145942e-02  8.15488026e-02
 -1.90604391e-04  7.28883296e-02 -1.81000773e-02 -1.49913756e-02
 -9.59951282e-02  6.34015426e-02  1.43500781e-02  1.62125062e-02
 -2.33944580e-02  4.24063168e-02  3.75225842e-02 -4.20478098e-02
 -6.61655422e-03 -2.80767716e-02 -1.60983615e-02  1.45128481e-02
  7.56397769e-02 -2.43814941e-02  4.75018285e-02  7.08165765e-02
  5.65533228e-02 -4.69920263e-02  1.63192127e-03 -1.06926121e-01
  5.12989797e-03  3.32413204e-02  7.03302920e-02 -1.56572908e-01
  4.87363189e-02 -1.81806251e-01  1.04167841e-01 -1.05696619e-01
 -1.24726743e-01  2.61683688e-02  1.99400983e-03  1.02665074e-01
 -3.69272269e-02 -3.21066119e-02  1.99999157e-02  8.72424897e-03
 -3.41383703e-02 -3.55122499e-02  2.75426009e-03  2.63630934e-02
  1.07197896e-01  1.94779769e-01 -6.62936196e-02  4.37238775e-02
  1.21587500e-01  2.90533286e-02 -2.99852639e-01 -2.62627248e-02
  7.79206231e-02  1.28872424e-01  2.40851397e-04  2.31012125e-02
 -2.16220357e-02  3.47461194e-01  1.08232632e-01  1.84208110e-01
 -1.71499640e-01 -1.25916168e-01  2.10952535e-01  1.12520762e-01
 -1.82898790e-02 -2.37696711e-02 -1.52358323e-01  2.00841740e-01
  1.30555272e-01 -7.78351054e-02 -1.08253270e-01 -4.06124353e-01]		[Cs+]	[ 0.05863536  0.3029301  -0.22408383 -0.0868324   0.11983266  0.15746324
  0.06443423  0.15339361  0.07395102  0.02819575 -0.21197976 -0.0107693
 -0.10635974 -0.00169243 -0.13145158 -0.02290332 -0.11921804  0.04950622
 -0.0983794   0.10918904 -0.05284658 -0.10985566  0.08776928 -0.01770875
  0.26128393  0.03553978  0.24504842 -0.00625384  0.21743202  0.1692162
  0.3350402  -0.05276577 -0.12733205  0.0225303   0.16586699  0.12323456
 -0.36134088 -0.1757771  -0.05191609  0.22098601  0.07183464 -0.13850372
  0.102291    0.11335082  0.08233087  0.08709081 -0.0865916   0.02087839
  0.07688051 -0.18251523 -0.04958883 -0.05782481  0.07054402  0.11727174
 -0.13241743 -0.0114456  -0.26097053  0.04052617  0.0886602  -0.11891577
  0.03268564  0.09175427 -0.0225197   0.15378605 -0.05554337  0.14289568
 -0.17052281 -0.008066   -0.01561828 -0.03565918 -0.0242569  -0.19806609
  0.02469193 -0.04171465 -0.08166119  0.05767348 -0.17012817  0.09381589
 -0.06966676  0.04533598  0.00733859 -0.00719249  0.15016021 -0.11121158
  0.20791622 -0.16319098 -0.07826789  0.02520399 -0.04290019 -0.11254501
  0.05033452  0.15180779  0.05785386  0.03933498  0.03612111  0.07773253
  0.14873724  0.28850582  0.2727983  -0.09813587  0.18604685  0.17667224
 -0.2470256  -0.13660868  0.09862143  0.17357989 -0.09869458  0.01809882
 -0.1056526  -0.12792505  0.05002836  0.04202126  0.01813494  0.09823245
  0.01265507 -0.17985636 -0.0085944  -0.2455326   0.11211907  0.12436994
 -0.01829851  0.01046105 -0.23479386 -0.01188033  0.10353032 -0.08442048
  0.03473295 -0.23721205]		Cl	[ 0.23241957  0.28495678  0.19170173 -0.01724862  0.00342619 -0.31197742
  0.23489894 -0.00980045  0.19469057 -0.22705029 -0.10778043  0.00701137
 -0.00396757 -0.03218222  0.13422696 -0.05310146  0.13955206 -0.01961104
  0.00942248  0.15896586 -0.18317935 -0.06427715 -0.25562105  0.04109323
  0.02527156 -0.03700284 -0.07755849 -0.17399202 -0.03256824 -0.04181488
  0.05798746 -0.04295272 -0.09308674  0.00991555  0.14720799  0.20121023
  0.0494027  -0.04044779  0.07770046  0.12162579  0.07365291 -0.15421423
  0.16755073  0.25485516 -0.01499321 -0.10320369  0.14790872  0.10479482
  0.04794499 -0.2630889  -0.01124362 -0.14221022  0.22078292  0.05550381
  0.01788579 -0.02607126 -0.03604889  0.00760735 -0.03526894 -0.07502299
 -0.09646542  0.09196731 -0.0782221  -0.04191    -0.02548954  0.08101209
 -0.07615022 -0.01068302 -0.05913767 -0.04300329  0.04053749  0.06022329
 -0.1662632  -0.02064083 -0.03197411 -0.06144232 -0.09167247 -0.16171734
 -0.02393456  0.00154116  0.02491502 -0.03283697  0.039574   -0.13363127
  0.05982165 -0.188504    0.04053482 -0.10677081 -0.05110908 -0.13834783
  0.09142786  0.02949804  0.01201026 -0.01692914  0.029657    0.06361037
 -0.11162213 -0.01151336 -0.08776424 -0.02475248  0.06817482 -0.01592748
 -0.03398781  0.01287658  0.02392561  0.02778186 -0.23826803 -0.02334517
  0.07871208  0.13210043 -0.00063746  0.02628862 -0.05686923  0.17877872
  0.0802837   0.07723419 -0.08621462 -0.1158105   0.0259138  -0.0497543
 -0.05051359 -0.01729601  0.05398957  0.12544495  0.13814367 -0.05329069
 -0.04186359  0.00304395]		Br	[ 0.28395224 -0.13358481 -0.18747798 -0.14851432  0.14392297 -0.06061834
  0.02869616  0.03595409 -0.09964106 -0.10958432  0.06393883  0.00307451
 -0.08041915  0.05569558  0.1223179  -0.11008898 -0.05775436 -0.04478372
 -0.10904048  0.05223241 -0.1300598  -0.07011175 -0.21991771  0.12697384
  0.11639907 -0.06585065 -0.07524927 -0.24294272  0.00793191 -0.02881929
 -0.04853328  0.06729766 -0.00117614 -0.04016174  0.15883267  0.149507
 -0.01794605 -0.00154452 -0.21595396  0.08777674 -0.02761981  0.04700365
  0.19253331 -0.04249769  0.11149058 -0.26440248 -0.05752359 -0.13064176
  0.1348324   0.09254561  0.17993402 -0.19104889 -0.05997064 -0.05054125
 -0.01251257  0.04014165 -0.02147821  0.00209546 -0.06312221 -0.03250198
  0.02068752  0.20105639 -0.22487773 -0.03254599 -0.16354796 -0.07001959
 -0.05973755 -0.1348772  -0.09835046 -0.14407918  0.02607187  0.08272833
 -0.02903899 -0.09897255 -0.00115194 -0.03358334 -0.16129905 -0.21472134
 -0.12326682 -0.18300466  0.03571453 -0.09508621  0.26808354 -0.3327698
  0.25906026 -0.3499627  -0.08588064 -0.05490034 -0.0100705  -0.10035198
 -0.02507277  0.04387216 -0.0952453  -0.03932166 -0.07608723  0.0600194
  0.155855    0.1712111  -0.15876275  0.04326063  0.2301674   0.25760984
 -0.19260886 -0.06336959  0.12779488 -0.08334529 -0.2215752  -0.01986615
 -0.04668032  0.01975132 -0.16273163 -0.08399892  0.00508011  0.31500944
 -0.10718536  0.21907766 -0.07766702  0.05148686  0.16430266  0.12855923
  0.05918413 -0.00628571 -0.03828555  0.04112558  0.25774255  0.02047502
 -0.01513274  0.14420778]		8	[-0.1473209  -0.142397    0.25020614 -0.14695635 -0.12011173 -0.15389268
 -0.0947441   0.13168485 -0.0430949  -0.16903913 -0.02660688  0.20593186
  0.08406319  0.04987216  0.16528383 -0.07113797  0.24705018  0.44645792
  0.2654819  -0.13386904  0.08936633  0.1747485  -0.39783493  0.05880492
 -0.04991313 -0.1595672   0.01109358 -0.19748871 -0.01614046 -0.17541747
 -0.13044481 -0.1412996  -0.02056956 -0.06872623  0.02580951  0.43686092
  0.11286987 -0.04774532  0.03423357 -0.26178437  0.24420215 -0.01813393
  0.10696179  0.24302597 -0.05644998 -0.12861355 -0.05068045  0.11472683
  0.15743887  0.0079392  -0.11954204  0.06546343  0.11064679 -0.04778085
  0.00567134  0.06823558 -0.07224613  0.0130831  -0.08861337 -0.06374088
 -0.15973695  0.07022145 -0.00387206  0.04448663  0.02105282  0.08719146
  0.02408751 -0.0183375   0.00855397 -0.07579601 -0.0302801   0.18078482
 -0.0341752   0.04078377  0.09071485  0.08153298  0.19481386 -0.10868953
 -0.00444519 -0.10665537  0.03517416  0.07548368 -0.00977896 -0.20081404
  0.00752009 -0.09565481  0.24553816 -0.14138539 -0.05643291  0.07078148
  0.01450947  0.14126803  0.02713259 -0.0418577  -0.03193718  0.16197965
 -0.07461908  0.06707012 -0.0943293   0.09914587  0.3072107   0.01764033
  0.00927556 -0.1227046   0.18767257 -0.03543882 -0.2834489   0.07229526
  0.23143417  0.25058615 -0.04357001  0.12989655  0.08957464  0.06077738
  0.1433773   0.3508237  -0.06942863  0.00921795  0.12723646  0.07446118
  0.04203125 -0.08558416 -0.15402134  0.37633348  0.00889677 -0.12706089
 -0.17571636 -0.47641593]		[Na+]	[-0.00182869  0.30899107 -0.07782633  0.28559962 -0.25209332 -0.46525988
 -0.07350318 -0.10107897  0.06882878  0.21678908 -0.22325563 -0.34342238
 -0.23223123  0.06837694 -0.20829745 -0.39352712  0.39079943  0.2168438
 -0.09451508 -0.20886695  0.10972047  0.03977279 -0.17875145  0.19371471
 -0.01652926  0.13929595 -0.2326849  -0.259832    0.26428905  0.03366853
 -0.33249563  0.24326886 -0.07821167  0.18050373  0.17328027  0.0277898
 -0.11963766 -0.0197868  -0.35075438  0.2561081   0.05579005 -0.33655122
  0.31107974  0.16171286 -0.25000724 -0.00143131 -0.13239558 -0.14767946
  0.03727839 -0.06206241 -0.07965219  0.18022823 -0.05044695 -0.07893739
  0.34065115 -0.0841912  -0.24626781 -0.02092837 -0.3500796  -0.13573723
 -0.35819954  0.24723753 -0.05714884  0.26288897  0.10518993  0.1605032
  0.23596601 -0.2732354  -0.05166344 -0.4151116  -0.24133585  0.14275685
 -0.18003383 -0.05018909 -0.0580974   0.08154355  0.11222039  0.16255046
 -0.14495814 -0.06630201 -0.0688061   0.1162715   0.0783507  -0.09258378
  0.10074383 -0.09413914  0.14046249  0.05279522 -0.17797813 -0.48743716
  0.3528855   0.26682514  0.21510291 -0.02566116  0.14158607 -0.09109822
 -0.14482234  0.47817102  0.17507675 -0.05995261  0.20443909 -0.1572738
 -0.10062653 -0.12696232  0.03267904  0.02241637 -0.23053087  0.05767706
  0.19700767 -0.06196747 -0.08368485 -0.06590001  0.35902965  0.00484599
  0.06386694  0.13567291 -0.26674902 -0.04141979  0.09107695  0.05456169
  0.12925306  0.26145214 -0.30618632  0.41047332 -0.15075806 -0.16710167
  0.41146272 -0.21457572]		[C@H]	[ 0.00192149  0.16082698  0.11197536 -0.32490927  0.17248721  0.41912335
  0.00989584 -0.08750661 -0.03672708 -0.42453563 -0.21688771  0.13342182
 -0.14410436  0.00953915  0.17283829  0.05680569 -0.1613992   0.21521246
  0.28598955  0.10557509 -0.10637964 -0.4413473   0.05198729  0.11984367
  0.01295939 -0.0197176   0.02342709 -0.11677351  0.2056781   0.20313112
  0.17221932  0.03037055 -0.11808859 -0.00993478  0.08937902  0.07763839
 -0.31041035  0.0636609  -0.25634265  0.06636018 -0.12133992  0.19639051
  0.10445166  0.06196322  0.12119012 -0.19903512  0.10770094  0.29960534
  0.07754838  0.08388302  0.03268958  0.01363734  0.15104352  0.0353113
  0.02546642  0.2439076  -0.03228373  0.01878215 -0.07793628 -0.00078909
 -0.15688653  0.07860861  0.03475012  0.05569146 -0.06603391  0.18668197
  0.15455972 -0.06597223 -0.1495525  -0.0564693   0.01870341 -0.12444917
  0.09624504 -0.03309098 -0.04365331  0.24463287 -0.03057398 -0.2456236
 -0.27557334 -0.23047191  0.1546013   0.00659998 -0.14592576 -0.10669173
 -0.14663088 -0.27514082  0.12265587 -0.09896025  0.04424848 -0.04768235
 -0.08066488 -0.05609683 -0.02119166 -0.08692788  0.03483835  0.26437673
 -0.16519584  0.12853645  0.10196669 -0.14619868  0.04201058 -0.1056639
  0.0981274   0.05516537  0.06699914 -0.06504884 -0.08848448  0.01964788
  0.03798889  0.01808516 -0.0603628   0.08380707 -0.0488393   0.00276788
  0.01041806  0.1737143   0.05221912 -0.14998008  0.08077942  0.04266815
  0.10071897  0.0155064   0.2059288   0.12839723  0.13494113 -0.25694722
 -0.07227404 -0.2140647 ]		#	[-0.15564421  0.2754081  -0.09774466  0.00901595  0.11737947 -0.02870548
  0.26631206 -0.40879706  0.3640349  -0.4969129  -0.02081545  0.23361124
 -0.04861826  0.00903056  0.1606912   0.07110427 -0.14558585  0.18119034
  0.19391958  0.04898454 -0.28410342 -0.39389256  0.04455525  0.12838991
 -0.00216364  0.05399628  0.00711498 -0.11756374 -0.02585243 -0.09953384
  0.18904717 -0.16035536 -0.10167071 -0.04392576  0.171171    0.22317594
 -0.20776993 -0.03381211 -0.1072387   0.11198416  0.08094569 -0.07108663
  0.16116224  0.17249997  0.04517586 -0.02120521  0.12321728  0.1962713
  0.11238447 -0.2034121  -0.03542706 -0.04107395  0.25647455  0.08429499
 -0.12275057  0.07161484 -0.1678353  -0.00180439  0.0529832  -0.00591592
  0.05224312 -0.01096647 -0.00473545  0.03975848  0.07470923  0.15874939
 -0.1271355  -0.00450022 -0.04682532 -0.02712321  0.02217197 -0.24466383
  0.08134253  0.06434575 -0.02995811  0.25012127 -0.13246088 -0.3145843
 -0.12160116 -0.12111494  0.13615881  0.00360778 -0.158616   -0.27019057
 -0.03216054 -0.28354657 -0.0434133   0.08273661  0.0535352  -0.04950042
  0.05054057  0.06830527  0.01883711  0.01632198  0.19309905  0.24530247
 -0.21845877  0.0037911   0.07139502 -0.10370942  0.02894284 -0.18900366
  0.11247196 -0.02154737 -0.04524383  0.07072897 -0.0430037   0.12437165
  0.09552416  0.01706123  0.08783503  0.20687492  0.04602019 -0.0337082
 -0.06427488 -0.05883982  0.04216589 -0.18833914 -0.089716   -0.01908613
  0.05259432 -0.01458737  0.04218252 -0.05040389  0.18711717 -0.05894654
 -0.01351959  0.12724042]		S	[-9.90977734e-02  7.13011920e-02 -4.12249565e-01  2.10068271e-01
  8.37775022e-02 -3.36360276e-01  3.59480157e-02 -2.81168640e-01
 -3.74700911e-02  1.75513610e-01  2.01678602e-03  5.97508490e-01
  2.31123909e-01  3.35841656e-01  3.61197174e-01  9.14928094e-02
  1.50302216e-01  2.00281352e-01  1.32621244e-01 -8.94739926e-02
 -1.98437795e-01  8.90135095e-02 -2.63059705e-01 -1.35218054e-01
  2.26196036e-01  7.58298561e-02  7.89323449e-02 -4.59187888e-02
 -2.42654812e-02 -9.37832668e-02 -1.26528531e-01 -2.97325701e-02
 -1.29405875e-02  7.21932426e-02  3.17142941e-02  5.41882552e-02
  2.94199288e-02 -1.01659231e-01 -3.73395383e-02  1.52059689e-01
  1.14514351e-01 -2.43538812e-01  1.74065009e-01  3.37691635e-01
  8.57819170e-02 -1.33738950e-01  2.85917763e-02  2.77719736e-01
  3.73347029e-02 -5.39938509e-02 -1.76924273e-01  1.03555582e-01
  3.45502555e-01 -3.44779938e-02 -1.76655203e-01 -8.45681950e-02
 -1.19318493e-01  1.12881459e-01  1.64958060e-01  4.26573753e-02
  7.38243461e-02  7.93270022e-02 -2.78044734e-02 -4.92780060e-02
  7.71993697e-02  1.51502276e-02  3.65440641e-03 -2.26992052e-02
 -2.36265332e-01 -1.84042186e-01  9.16044563e-02 -8.67004916e-02
  1.49924278e-01 -1.28352225e-01  2.11130530e-02  1.67204931e-01
 -1.98409021e-01 -3.54784094e-02 -2.71663982e-02 -8.66307467e-02
 -2.11402997e-01 -4.37251143e-02 -5.67190722e-02 -6.02630936e-02
  2.91022938e-02 -1.79506704e-01 -4.12616953e-02 -9.59275439e-02
 -9.69858915e-02  6.48378162e-04 -1.41391982e-04 -9.80424285e-02
  1.07645160e-02 -7.97587857e-02 -4.02194187e-02 -2.51624584e-02
  4.18919837e-03  2.61075236e-02  1.76012024e-01 -4.54575121e-02
  1.03895552e-01  1.63237080e-01 -1.38672143e-01  2.45330110e-02
  8.89086574e-02 -5.63522950e-02 -1.08666062e-01  6.09463491e-02
  5.77619597e-02 -2.87814122e-02 -2.02456545e-02 -7.35859051e-02
  7.95915201e-02  2.69031107e-01 -1.21644638e-01 -1.32682279e-01
 -1.32357627e-01  6.74874559e-02  2.97994968e-02  1.79150868e-02
 -9.88572929e-03  4.70202044e-02 -3.71812671e-01 -4.82661836e-03
  9.38964337e-02  6.72894269e-02 -2.15808991e-02  3.81710231e-02]		[C@@H]	[-1.63503978e-02 -2.16259867e-01  1.76020399e-01  3.48361105e-01
 -9.95692462e-02 -1.15605621e-02 -1.06135137e-01 -7.73907974e-02
 -1.35962650e-01 -5.35887070e-02 -3.45139235e-01  1.12103544e-01
 -5.63536072e-03 -5.17438091e-02  1.16408147e-01 -4.49171625e-02
  1.40163347e-01 -8.56999680e-02  6.81182742e-02 -3.20247672e-02
 -8.99964944e-02  4.95951958e-02 -2.55036086e-01  1.03122808e-01
 -9.61089432e-02 -3.77942175e-02  1.18670851e-01 -1.56972766e-01
 -3.12033296e-02 -1.95223317e-01  2.10552979e-02 -1.36599630e-01
 -3.22390758e-02 -7.03093857e-02  2.70540323e-02  2.60297030e-01
 -1.48860946e-01 -1.81786306e-02 -2.03556329e-01 -2.26563871e-01
 -2.83873770e-02  7.32077360e-02  5.59792332e-02 -5.57837561e-02
 -9.66173112e-02  7.10284933e-02 -1.53126180e-01 -9.22157094e-02
  1.11544862e-01  2.32964844e-01 -3.23687233e-02  2.16107816e-01
  7.29042590e-02  3.14724492e-03 -2.77594896e-04  6.59370869e-02
 -1.11290887e-01  1.28595337e-01 -7.05350414e-02 -1.19295664e-01
 -2.09200442e-01  1.43687055e-01  1.06136955e-03  1.08284324e-01
 -3.59718874e-02  3.93171236e-02 -1.14126150e-02 -2.05831736e-01
  9.60798934e-02 -4.53595705e-02 -1.32328123e-01 -9.25928950e-02
  5.20152785e-02  1.68742359e-01 -1.20679691e-01  1.28237620e-01
 -9.70657989e-02 -1.68290332e-01 -8.77593756e-02 -7.27245584e-02
  1.71997756e-01  7.48993233e-02  4.03576568e-02 -2.94613361e-01
  1.66708171e-01 -3.02159816e-01 -5.60211800e-02 -6.53003603e-02
 -1.01886325e-01 -1.67797446e-01  4.37853560e-02  2.51729600e-02
  1.35944217e-01 -3.68755846e-03 -4.76924665e-02 -1.92259029e-01
  2.71222312e-02  1.43949613e-01  3.98687348e-02 -5.99094853e-02
  2.28724435e-01 -2.66287848e-02  1.06551964e-02 -2.48325802e-02
  1.84351027e-01 -2.56147176e-01 -3.90254818e-02  1.87961385e-02
  1.53288722e-01  1.29268453e-01 -6.19568713e-02 -7.91958869e-02
  5.70239425e-02  1.26140816e-02  1.46897256e-01  2.76879191e-01
 -9.53796729e-02  5.74653223e-02  1.18067846e-01  3.56805441e-03
 -6.04169518e-02 -1.49986073e-01 -8.29283223e-02  2.29530379e-01
 -1.40282676e-01 -6.62610531e-02 -1.68816611e-01 -3.39296103e-01]		[K+]	[ 0.03668953  0.2105982   0.21664326 -0.00893214 -0.29274926 -0.0349819
 -0.2970502  -0.36437917  0.16487141 -0.12241726 -0.11576419 -0.16019821
  0.11254001 -0.20102467  0.16026585 -0.1784831  -0.07303691  0.07989713
  0.23921871  0.16680652 -0.39836475 -0.16476956 -0.5248848   0.07422198
  0.02669055  0.255727   -0.03667522 -0.08938292 -0.03476581 -0.00286447
 -0.07574435 -0.3049044  -0.20853634 -0.05797899  0.21883795  0.24253803
 -0.10475332 -0.16684334  0.15405148  0.01428049 -0.0618028  -0.11117768
  0.04374672  0.12286433 -0.05677773  0.2897316   0.01290691 -0.10488136
  0.00930284 -0.08534957 -0.07739355  0.15141939  0.22497511  0.09483758
  0.43153688 -0.05415494 -0.07819819  0.02000595 -0.26090726 -0.12069251
 -0.30872098  0.2394543  -0.14109537  0.00867269  0.11177909  0.21365249
  0.08796584 -0.16757363  0.09037054 -0.3511597  -0.09421055  0.01157989
 -0.14324538 -0.01739943 -0.22405666  0.41453657 -0.13802774 -0.23398827
 -0.15273066  0.04244852  0.14416184  0.10152717  0.11039194 -0.24241978
  0.04247226 -0.6614727   0.16048543 -0.28648883 -0.04887105 -0.5851306
  0.12504837 -0.0331126  -0.2669514  -0.07569198  0.40897474  0.06959206
 -0.37672192  0.21568593 -0.02612026 -0.21596023 -0.00196119 -0.24161026
  0.29519603 -0.06930588  0.1715967   0.21102193  0.00942601  0.21277328
  0.1273313  -0.15676224 -0.01318153  0.0133215   0.16478118 -0.16138859
  0.03243773  0.04526562 -0.02845255  0.18618684  0.18337391  0.27468118
 -0.05242125  0.35842487 -0.11337697  0.34717524 -0.41110194 -0.40811327
  0.22944957 -0.55057555]		I	[ 0.19939339 -0.02235389 -0.15286335  0.33670563  0.01776482 -0.15531008
  0.17558336 -0.03652623  0.26688826  0.05402591 -0.04830988  0.23654456
  0.09181549  0.02859314  0.01898986  0.06202015  0.1492532   0.30178612
  0.25650388 -0.09122196 -0.14541854 -0.10321406 -0.01604524 -0.35705382
 -0.24207713 -0.09486257 -0.10863376  0.17814884  0.06652083  0.17274702
 -0.04616688  0.11399465 -0.2053635   0.10706127  0.01601254 -0.13888408
 -0.23346591  0.0540525  -0.21952143  0.04765453  0.1392346  -0.17507045
  0.1702292   0.1295506   0.0680507  -0.18105388  0.07926348  0.10883707
 -0.06303929  0.0915389  -0.03477282  0.04090644  0.07084671 -0.09934932
 -0.02768894 -0.12943323 -0.04502332  0.08078297 -0.07298078 -0.14677955
 -0.07512555  0.0402601   0.01910451  0.03701346  0.01439997 -0.10720819
 -0.00727896 -0.01736126 -0.10692382 -0.04817319  0.0026955   0.11312227
 -0.11858908 -0.01104719  0.00779136 -0.1407426   0.05276398  0.10069329
 -0.04863524  0.14410944 -0.02141745  0.05360847  0.05846293  0.12008457
  0.11420321 -0.02170689  0.288745   -0.28262934 -0.13300297 -0.08307656
  0.14112699  0.2201086   0.13599779 -0.01642275 -0.09155203 -0.0873329
  0.11900483  0.07291217  0.14601836  0.04514099  0.245022    0.13510475
 -0.11271954 -0.01664496  0.10811425  0.03713867 -0.34344703  0.10636714
  0.04239402  0.03595259  0.03940842  0.03579276 -0.00274267  0.47036818
  0.07157863  0.11263025 -0.15844591 -0.09870698  0.19651712  0.13065106
 -0.03866132 -0.05220162 -0.09923818  0.11480807  0.21802858 -0.12738898
 -0.04426682 -0.3726886 ]		[N+]	[ 0.4455998  -0.04053226 -0.61497116  0.12746339  0.19024335  0.20727727
 -0.00491124 -0.3100539  -0.1430505  -0.29329672  0.01159828  0.01991851
  0.09030569 -0.2529164   0.06180534 -0.10020152  0.3669044  -0.5330995
  0.09663113  0.17677897 -0.366221   -0.38822988 -0.19535008 -0.23512284
  0.28253323 -0.05906502  0.20531057 -0.40075952  0.10371836 -0.2383527
  0.18603249 -0.18583468 -0.20572886 -0.18379164  0.26801705  0.551518
 -0.04225698 -0.25255856  0.20764072  0.04807784  0.283354   -0.068896
  0.21856157  0.03113001  0.01662862  0.316099   -0.4087662  -0.21182254
  0.28053164  0.14674783 -0.18590854  0.08968051  0.05959333  0.20025913
  0.00182989 -0.09763877 -0.19387226  0.0482166   0.06030216 -0.18783072
  0.25151348 -0.12617871  0.15369208  0.18584372  0.09823865 -0.05401329
 -0.2606209   0.07374056  0.08799183 -0.16747122  0.08973005 -0.19469242
  0.13613681  0.2103367   0.09221837  0.15320641 -0.10261478  0.03627382
  0.2977612   0.21475367 -0.061918    0.05859236  0.19468553 -0.31177595
  0.23419093 -0.01977775 -0.11413693  0.09553203 -0.00647966 -0.00361176
  0.04060494  0.15375467 -0.0760859   0.0634949   0.08212794  0.07027175
  0.01849853 -0.04887091 -0.11670176  0.01620464  0.14682701  0.18856616
 -0.10581406 -0.09534625  0.1262278   0.10619709 -0.13628677  0.09924138
  0.14858493  0.06811146  0.12391125  0.09452382  0.2612053   0.23675986
  0.20363766  0.03310295 -0.09470961  0.06176194  0.22330873  0.20346373
 -0.05484242  0.09152349 -0.30166122  0.03515487  0.15110019 -0.11466691
 -0.0529209  -0.31515932]		[Si]	[-1.2439454   0.31709433 -0.66779846  0.5112622   0.26707333  0.30808747
  0.11610431  0.02964835 -0.06294958 -0.3003407  -0.28551808 -0.17118768
  0.07291357 -0.27636155 -0.21361491 -0.1580853   0.45769283 -0.01864842
  0.242184   -0.20647062 -0.25919327 -0.55333793 -0.10061505  0.4605102
  0.25539294 -0.05586171 -0.05679691 -0.43878615  0.15971422 -0.21319312
  0.2837425   0.23096515  0.16401859  0.06809118  0.17574014  0.00742887
 -0.44709295 -0.01893603 -0.86755186  0.36255398  0.14328714 -0.18913767
  0.20301458 -0.0516916   0.06130143 -0.52670187  0.01216997 -0.15840812
  0.04620078 -0.13293307  0.41518235 -0.28236765 -0.5106577  -0.29976135
 -0.44153967  0.1121406  -0.28063154  0.0715705   0.13265152  0.02825966
 -0.03900102  0.12821566 -0.13596569  0.29091465 -0.29809526  0.11752096
 -0.07602837 -0.24341254 -0.14489943 -0.17356761 -0.20877828 -0.3999474
  0.08416544 -0.15699641  0.10508511 -0.16624777  0.17662416  0.16837586
 -0.02468667 -0.3653677   0.07445967 -0.03820603  0.19161843 -0.14096275
  0.17589758  0.13751154 -0.18791366  0.650642   -0.03174806  0.0574974
  0.12526792  0.48707825  0.40803793  0.1996836  -0.09903891 -0.06487414
  0.3313526   0.47231376  0.25836486  0.11613274  0.21911637  0.22512591
 -0.466957   -0.08094022  0.05515504 -0.16122232 -0.27618715 -0.21834472
  0.00448602  0.11106654 -0.1184283  -0.13560134  0.17310447  0.07231937
  0.08639055  0.14081436 -0.1278729  -0.37638274 -0.02101421 -0.19823466
  0.23690204 -0.19561136  0.03701244 -0.07481183  0.26468858  0.21290657
  0.2965657   0.4950769 ]		[Fe]	[-0.12771791  0.6109215  -0.08017138  0.3436915   0.0260684  -0.06354452
  0.29273346 -0.1825721   0.585239    0.01469767  0.10219358  0.6818552
  0.5274804  -0.08847392  0.03621835  0.10998864  0.05200577  0.3520978
  0.05230675 -0.1351536  -0.36393964  0.11024292  0.04090133 -0.00952183
 -0.04893901  0.0455724  -0.5185302  -0.09380022 -0.43792176  0.09194512
 -0.12384605 -0.01380661  0.02269598  0.15847717  0.11005195 -0.05354149
  0.2519558  -0.00422067 -0.05894573  0.16955392 -0.17642817 -0.2408498
  0.46093324 -0.1000312   0.09108282 -0.23708723  0.2270297   0.16807543
  0.18175724 -0.285064    0.6210038  -0.10796861 -0.00750251 -0.27897537
  0.02635796 -0.12947276 -0.25637364  0.15108427  0.1190192  -0.01678611
 -0.14292958  0.14975582 -0.4684226  -0.10465054  0.03749976  0.01242123
 -0.15513887 -0.11548524 -0.10530639 -0.1847314  -0.04436894 -0.06031609
 -0.24096845 -0.15040277 -0.01206671 -0.16007042  0.15160699 -0.21194994
 -0.03318024 -0.07548754 -0.00980291 -0.0307964  -0.00860061  0.13296664
  0.01377335 -0.30602914  0.18907408 -0.19214666 -0.10137587 -0.07220623
  0.0356962   0.1777662  -0.18599007 -0.06278827  0.27480447  0.17528857
 -0.20211624  0.01350109  0.05291529 -0.07843701  0.10354406  0.00479538
  0.12928586  0.0995435  -0.0751652   0.1952104  -0.50720716  0.04825182
  0.19265251  0.38678554  0.24709608  0.28436998  0.00176031  0.3956126
 -0.16738538  0.06309349 -0.28514475 -0.7356625  -0.00179216 -0.12013534
  0.05011865  0.18543148  0.03133422  0.01375337  0.38442707 -0.12921326
  0.24986799  0.14584392]		/	[-0.1129389   0.45954502  0.28757215 -0.51077235  0.2551756   0.22746599
  0.26986814  0.1168275  -0.03965195 -0.2228636  -0.7501669   0.08626813
  0.10165457 -0.11313605  0.35347444  0.03728825  0.3371511  -0.01469965
  0.30433205  0.39056602 -0.20823559 -0.153686   -0.6807942   0.1936362
 -0.03619552 -0.09520631 -0.04340465 -0.3177186  -0.07298521 -0.15373173
 -0.0517713  -0.14811684 -0.09012098 -0.03306736  0.14053737  0.35704184
  0.03614099 -0.0186938   0.07090425 -0.0809352   0.18131429 -0.04398559
  0.06773214  0.23030865 -0.07282887  0.1443958  -0.10820179 -0.20887013
  0.04798974 -0.1462797   0.05175819  0.06019     0.06886342  0.04224147
  0.07821198  0.00909735 -0.07376067  0.03212673  0.00551939 -0.18094562
 -0.07170985  0.04256693 -0.01939938 -0.095509    0.05354042  0.05076876
 -0.0217835   0.00243692 -0.05163739  0.0275039  -0.07081203  0.17970762
  0.07242843  0.05066542  0.02532871  0.43626806 -0.04194655 -0.2763912
 -0.31654924 -0.30304846  0.23794538 -0.0068037  -0.1085313  -0.39858958
 -0.00774382 -0.4291116   0.01871371  0.21499023  0.17267258 -0.2114064
 -0.15116088 -0.19263896 -0.3003019  -0.07821944  0.16461685  0.519393
 -0.20504478  0.33323166 -0.09038778 -0.3266115   0.08086495 -0.20528941
  0.03837404 -0.09045387  0.09521019  0.04405098  0.0530604  -0.12172569
 -0.04926419  0.01291825 -0.1017433   0.14966646  0.01437251 -0.20528318
  0.07088376  0.25848565  0.03455428 -0.08368875  0.07752077  0.1444571
  0.0777814   0.17566788  0.2102989   0.32234696  0.16145468 -0.38720477
  0.06823369 -0.13969685]		[Li+]	[-2.22771913e-01  3.58155638e-01 -5.74951112e-01  1.45607695e-01
  2.08157212e-01  3.30740571e-01  9.62531343e-02 -3.69866252e-01
  7.60958344e-03 -9.58980843e-02 -2.76702583e-01 -1.06642745e-01
 -8.87060538e-02 -2.75570346e-04 -1.14217497e-01 -1.80299997e-01
  4.20452803e-01  3.42757106e-02  1.01692654e-01 -1.95242167e-02
 -2.14393497e-01 -4.21169966e-01 -4.81604934e-02  1.21195205e-01
  7.88367987e-02  2.32247114e-02  3.75598818e-02 -3.12879831e-01
  1.82890162e-01 -1.57784343e-01 -3.34503949e-02  1.73802480e-01
 -3.98848392e-02  1.21194564e-01  2.04485625e-01  1.48117825e-01
 -1.62661165e-01  2.13048421e-03 -3.68023247e-01  2.01986626e-01
  9.93432552e-02 -1.19712181e-01  1.84363827e-01  2.29964126e-02
  6.21263236e-02 -2.81851832e-02 -7.86508918e-02 -1.35173008e-01
  1.16387218e-01 -1.02791570e-01  9.76629853e-02  1.91644710e-02
  1.38658891e-02 -5.51541895e-02  9.83657502e-03 -8.21287930e-02
 -3.72630119e-01  1.51629999e-01  2.43114963e-01 -1.64610982e-01
  2.18534563e-03  1.20024458e-01  3.00601162e-02  2.23437726e-01
 -1.78643137e-01  2.03353271e-01 -2.16223195e-01 -1.10980630e-01
 -3.12501006e-02 -2.06204027e-01 -7.98654258e-02 -4.49603498e-01
  1.63849428e-01 -9.66473599e-04  7.98729658e-02  2.40822434e-01
 -8.78257863e-03 -6.66374564e-02  1.72545701e-01 -1.37056425e-01
 -3.66343907e-03  2.68970039e-02  7.65477121e-02 -3.32062095e-01
  9.88764167e-02 -2.08079085e-01 -1.07687317e-01  2.96590477e-01
  2.02441402e-02 -1.08465366e-01  1.05860710e-01  2.11307392e-01
 -1.07057467e-01  4.01781462e-02  2.91637510e-01  2.40795627e-01
 -2.56437331e-01  1.00961745e-01  4.05308530e-02 -1.40325785e-01
  4.67843823e-02  1.15433596e-02 -7.79422894e-02  4.49908972e-02
  9.08501297e-02  2.82109916e-01 -1.54761404e-01 -5.46512268e-02
  3.94771919e-02  3.67799066e-02  1.02475822e-01  2.35375911e-01
  1.97489962e-01 -1.10636316e-02  1.72436505e-03 -1.14249930e-01
 -4.37326692e-02 -4.33966428e-01  9.94699001e-02  1.30330473e-01
  1.32803842e-01  2.13536352e-01 -2.72800535e-01  1.36734257e-02
  2.14767322e-01  1.73123181e-02  3.37398410e-01  1.87051937e-01]		[N-]	[-3.1771603e-01  4.1268787e-01 -6.8561810e-01  2.6195806e-01
  2.0258318e-01  3.6192554e-01  1.4320841e-01 -4.7328249e-01
  2.8825186e-02 -7.4367054e-02 -2.1097869e-01 -1.6733444e-01
 -3.4514286e-02  8.5726082e-03 -2.2658059e-01 -2.0949151e-01
  5.5771649e-01  3.5576753e-02  8.7110341e-02 -9.4148107e-02
 -2.0015433e-01 -4.6421403e-01 -3.6925874e-05  1.1039188e-01
  1.8915160e-01 -3.4953044e-03 -5.2049264e-02 -4.2421645e-01
  2.4848278e-01 -1.9443446e-01 -1.7421898e-01  2.7502173e-01
  1.1446921e-03  1.0388533e-01  2.7014861e-01  2.0424584e-01
 -3.2986742e-02 -1.3485197e-02 -3.3665824e-01  2.4963523e-01
  1.5721987e-01 -1.8783648e-01  2.7459139e-01  4.4672668e-02
  9.2486955e-02 -4.5763433e-02 -1.9469446e-01 -1.8412139e-01
  1.6846174e-01 -7.9288952e-02  1.2810874e-01  2.5538990e-02
 -1.0092017e-02 -9.6864142e-02  1.7997108e-02 -1.5626891e-01
 -4.4146299e-01  6.0699094e-02  2.5796440e-01 -1.2917309e-01
  1.2670253e-01  5.0716434e-02 -1.3893232e-02  2.7585232e-01
 -1.6063571e-01  1.7890401e-01 -2.2526681e-01 -2.0230029e-02
 -1.0466617e-02 -2.7207124e-01 -4.3781400e-02 -4.1457528e-01
  1.2563416e-01 -7.0143685e-02  1.0001228e-01  2.1516359e-01
  3.0493716e-02  2.0137994e-02  1.9785570e-01 -6.7664109e-02
 -6.2417198e-02  2.3239074e-02  1.5469706e-01 -3.0348369e-01
  1.5256023e-01 -1.5320468e-01 -4.1305710e-02  3.1629822e-01
  5.3738978e-02 -2.4398657e-02  1.1733276e-01  2.7531177e-01
 -9.2763484e-02  7.8547359e-02  3.1610042e-01  2.7293730e-01
 -2.0182851e-01  9.7200587e-02  9.5449880e-02 -9.2538990e-02
  1.3753331e-01  1.0946931e-01 -1.7537530e-01 -4.9598668e-02
  2.3435201e-02  3.2914114e-01 -2.0422445e-01 -4.9199916e-02
  8.0487601e-02  7.2238691e-02  1.7982650e-01  2.7333161e-01
  2.4166742e-01  8.5785307e-02  7.6829065e-03 -1.4154512e-01
 -9.0088233e-02 -4.7022337e-01  1.1910307e-01  1.3699961e-01
  1.8224272e-01  2.0695604e-01 -3.3224311e-01 -9.5932804e-02
  3.9956886e-01  9.3069702e-02  2.3029298e-01  4.0218985e-01]		