c	[ 0.04880166  0.03201407  0.02667074 -0.02652236  0.07292298 -0.01969048
 -0.09951266  0.0651128   0.04504245  0.05179396 -0.02431916 -0.13259158
  0.02389969  0.06173065  0.10168893  0.05887365 -0.04189354 -0.02813978
 -0.08195836  0.05069171  0.00739517  0.08116996 -0.02852207  0.03275159
 -0.11166145 -0.05331349 -0.09952553 -0.11419847  0.14811595  0.09114985
 -0.21299663  0.11131551 -0.153797   -0.10804552  0.01404313  0.05155542
  0.03822278  0.07864911  0.03349812  0.02753071 -0.01911276 -0.01753361
  0.23358363  0.00947114 -0.14792652  0.04986616 -0.21256527 -0.05816318
  0.04609367  0.04239516  0.10676412 -0.0936077   0.08437024 -0.0897534
 -0.08545724  0.06154335 -0.01235351  0.03634274 -0.08775408 -0.06147536
 -0.07327071 -0.0586719  -0.06404395 -0.02392079  0.1180614  -0.134231
  0.08797435 -0.01377396  0.0592217  -0.06580031 -0.05632338  0.15696037
 -0.23870689  0.0130219  -0.01420557 -0.15451796 -0.02694535  0.03114372
 -0.0436341   0.09414437  0.07135383 -0.04463984 -0.0599497  -0.0090144
  0.10487333 -0.07446769  0.02577816  0.11474342  0.04136259 -0.06440169
  0.08142002 -0.11592312 -0.06454337  0.02712955 -0.00972455 -0.01908914
  0.04501676  0.00547622 -0.11168894 -0.01919576  0.07687563 -0.02641341
  0.03617882  0.04994551 -0.03139897 -0.04998092  0.12944902 -0.01637959
 -0.05333897 -0.01062712  0.05138259 -0.04449526  0.07806141  0.00714672
 -0.03425911  0.05694152 -0.06031238  0.09002703  0.09477134  0.01603333
  0.02452077  0.0821958   0.0136898   0.05707141  0.06146051 -0.08118548
 -0.10405214 -0.02439531]		(	[ 0.11591309  0.08229788 -0.10521752  0.04823998  0.11543808  0.09302
  0.06553168  0.02946043 -0.09257183  0.04059169 -0.27095985 -0.11049878
  0.10896967  0.05950609  0.10559426  0.0228763  -0.07406283  0.052008
 -0.07825074  0.04691901  0.03330607  0.06369174 -0.04400688 -0.04985258
 -0.0979569  -0.05023679 -0.09744021 -0.03929289  0.10152511  0.17021565
 -0.18590301  0.07954789 -0.03938549 -0.047273   -0.07965895 -0.02919286
  0.00147644  0.03627861 -0.00040622 -0.00051666 -0.03505278 -0.00224671
  0.19730653 -0.02652769 -0.22279526  0.08001666 -0.18100522 -0.05307154
  0.0819358  -0.05084328  0.14054348 -0.11123271  0.1328126  -0.06862308
 -0.06295911  0.14462595  0.01676131  0.03242449 -0.08290789 -0.07569122
 -0.02318626  0.0221246  -0.02496708 -0.01506027  0.1550414  -0.16133131
  0.01259225 -0.06817333  0.07885114 -0.14743201  0.01071953  0.1043354
 -0.22623533 -0.00359079 -0.05611335 -0.14235279 -0.08600648 -0.00229899
 -0.10901742  0.13340871  0.08129407 -0.06859916 -0.07720943 -0.07478561
  0.10694455 -0.02096816 -0.0228025   0.1248595   0.04799546 -0.00726541
  0.01764397 -0.11230157 -0.04690459  0.07311507  0.02610969 -0.00615103
 -0.06137279 -0.03272084 -0.00787112 -0.07681448  0.07870731 -0.0422639
  0.06126296  0.01655694 -0.04581445 -0.06723297  0.16808392 -0.00297652
 -0.03150309 -0.03557462  0.1189746   0.04637983  0.07237156  0.0170667
  0.07497854  0.00929549 -0.07217602  0.14492412  0.12436161  0.01789772
  0.03297624 -0.00860605 -0.01136547  0.02234471  0.02412539 -0.02880259
  0.06117362 -0.03954975]		)	[ 0.11755683  0.11861259 -0.03883084 -0.09998946  0.12618269  0.07734158
 -0.03925863  0.02314172 -0.14922033  0.08003657 -0.19827034 -0.18363748
 -0.00237841  0.05846309  0.14929932  0.02814081 -0.0425709   0.01360901
 -0.06459792  0.10963777  0.0004011   0.04512942 -0.04315669  0.08007503
 -0.14005263 -0.02909026 -0.07146449 -0.03196119  0.06809657  0.06911261
 -0.19917437  0.02172564 -0.14401285 -0.03514853  0.00580381  0.0318781
  0.02763906  0.00357179  0.06345227  0.01794315 -0.03794982  0.06310528
  0.2187512  -0.03159257 -0.22820522  0.07137228 -0.13234577 -0.05644009
  0.04921131 -0.08294691  0.22629982 -0.16196615  0.13558352 -0.08515956
 -0.0190987   0.13341033  0.01623664 -0.00395085 -0.05600043 -0.08503889
 -0.03048416  0.00458817 -0.08138376  0.0263131   0.10593473 -0.15986557
  0.05360982 -0.03272915  0.02928452 -0.06536167 -0.00553438  0.14838487
 -0.14847463  0.00327352 -0.03227587 -0.08084236  0.00304201 -0.02282726
 -0.08688007  0.08865183  0.09123419 -0.01910756 -0.07447063 -0.05943022
  0.08233991 -0.00639143 -0.02897573  0.0683211  -0.00662139 -0.06731027
  0.06998056 -0.10010528 -0.06339487  0.06738865  0.04816069 -0.05446459
 -0.05762758 -0.03445752 -0.00886584 -0.08702363  0.07613435 -0.12370478
  0.08567253  0.01444549 -0.10960614 -0.01341994  0.1250552  -0.00432431
  0.01817769 -0.04997665  0.10875913 -0.04402338  0.11372882  0.03912969
 -0.01230078  0.01004049 -0.05563845  0.0717717   0.1213463   0.01616652
 -0.03506311  0.07322301 -0.00078036  0.06418311  0.03415325 -0.05532428
 -0.04918341 -0.03788035]		C	[ 0.10678159 -0.07976477 -0.05473723  0.0742192   0.07621292 -0.0146822
  0.00236366  0.0674495  -0.0078016  -0.04334467 -0.11574701 -0.10902207
 -0.02135469 -0.00548615  0.15328193  0.04800383 -0.18949619  0.07098737
 -0.11277413  0.16549271  0.08289302  0.10743674  0.0350992   0.16410783
 -0.09701952  0.03321774 -0.09337837 -0.03434001  0.07268798  0.08453866
 -0.18465362 -0.07070804  0.05363666 -0.12607789 -0.08620974 -0.00344959
  0.15597661  0.0795819   0.16884159  0.06500298 -0.01074953  0.02843575
  0.23252462  0.01605325 -0.14633071  0.19367188 -0.07182032 -0.06635309
  0.02556092 -0.16219245  0.11781231 -0.04090545  0.17413354  0.03297205
  0.00382397  0.21429828  0.05764852 -0.05245762 -0.05182353 -0.14058228
 -0.04073469 -0.07554921 -0.02179675  0.13142495  0.03297742 -0.07444088
  0.09011181 -0.04268665 -0.03583534 -0.05360411  0.01724486  0.10828665
 -0.13945913  0.14527144 -0.09691837 -0.00514901 -0.1099208   0.10050384
 -0.0054034   0.12530287  0.13550267  0.00507544 -0.05029295 -0.08305836
  0.04859398 -0.01052718  0.00673578  0.109822    0.07005138 -0.0004859
  0.01255349 -0.0365797  -0.07485224  0.00402184  0.05541287 -0.04376639
 -0.11290812  0.06039527  0.01768006 -0.03864865  0.03623438  0.03420505
  0.06656211 -0.01361343 -0.06161416  0.11172865  0.13762963 -0.03080712
 -0.03597477 -0.04942791  0.11401729  0.06099389 -0.04595678 -0.03140622
  0.12046532 -0.0756813  -0.02378752 -0.04906206  0.03560439  0.06175243
  0.02714748  0.03589012 -0.05625982  0.10199603  0.03283515 -0.01137419
  0.03712601 -0.0776902 ]		1	[ 0.06019408  0.03577726 -0.14172204  0.0667493  -0.0715665   0.01714687
  0.01485798  0.03086871 -0.03891836  0.03412582 -0.09886537 -0.06777238
 -0.0654906   0.03944755  0.132877    0.02313399 -0.07259408  0.01026255
 -0.09435445  0.01104143  0.01570433  0.031333    0.01503318  0.13565262
 -0.06069054 -0.01958097 -0.02658868 -0.06565581  0.06744125  0.06399646
 -0.22793873 -0.00662193  0.01788313 -0.11307951 -0.07325835  0.03145547
  0.10874332  0.03301091  0.057901    0.01494188 -0.05013779  0.00233182
  0.16364215 -0.0159635  -0.1465951   0.04858597 -0.17812477 -0.09248754
 -0.0024727  -0.06539042  0.13820423 -0.11798977  0.17852561 -0.03753689
 -0.0262576   0.13587232  0.04852358 -0.03308208 -0.052412   -0.07845356
 -0.05525599 -0.01148631 -0.08570805  0.07013855  0.00791424 -0.06417653
  0.05888237  0.00383152 -0.07091656 -0.18298963  0.05178215  0.13171242
 -0.1555521   0.0393898  -0.09144013 -0.01755927 -0.09841242  0.01778265
  0.02683685  0.15074393  0.08770421 -0.06854837  0.03725202 -0.00046686
  0.02791454 -0.08446964  0.10086168  0.10715691  0.17407095  0.00412725
  0.0300258  -0.04189072  0.01576713  0.02319486  0.0441969   0.04490864
 -0.06889907  0.03308182  0.02225449 -0.07552394  0.12175629  0.0371542
  0.0172525  -0.02439493  0.00969262 -0.00691606  0.1612677   0.03642067
 -0.00955056  0.03506337  0.09111067  0.05071651  0.10133778  0.05833234
  0.00891592 -0.02876831 -0.01819948  0.08287609  0.14152823  0.16533452
  0.1357704  -0.05340913 -0.07252585  0.08588453  0.04979202 -0.02628074
  0.03647261 -0.05757855]		O	[ 0.06978283  0.09254017 -0.07841112 -0.12140059 -0.02802752  0.00641051
 -0.02856074  0.0809924  -0.18331654  0.09386514 -0.12708132 -0.08232001
  0.05779669 -0.02202788  0.09951117 -0.00508635 -0.08585928  0.09490081
 -0.08375175  0.0268989   0.04714191  0.0238349  -0.03605401  0.05860891
 -0.04105009 -0.06776711 -0.12749773 -0.06781235  0.18126296  0.10537323
 -0.22514156  0.09006082 -0.01083712 -0.12647307  0.00410506  0.01632939
  0.10409342  0.09506983 -0.03689586  0.02857316  0.09369541  0.04753298
  0.20792839  0.05637417 -0.15540169  0.04807518 -0.21135637 -0.13559437
  0.12888825 -0.03466058  0.19904809 -0.06859099  0.06781907 -0.1298017
 -0.02708138  0.14232036  0.02104934  0.0145562  -0.01638667 -0.05868537
 -0.04362667  0.00092087 -0.12460704 -0.06960565  0.04815138 -0.1002271
  0.05865336 -0.09617558  0.00356698 -0.16745837 -0.02207037  0.08184023
 -0.13213827  0.02012215 -0.06058261 -0.04596972 -0.08919305 -0.05026656
  0.01612634  0.08675646  0.08488096 -0.06326247 -0.04608849 -0.0006616
  0.06631152 -0.03597449  0.00404337  0.06929039  0.08875633 -0.02900835
 -0.03199643  0.02976693  0.0312859   0.08337788  0.00351147  0.05492271
  0.01662361  0.0430993   0.03852544 -0.10612689  0.05055701  0.03630153
  0.10964743 -0.02700056 -0.05346346 -0.05197467  0.2105099   0.02970391
 -0.09068162 -0.01821108  0.12753664  0.00751459  0.05172007  0.04977442
 -0.00233323 -0.00734651 -0.03105599  0.10658567  0.07771377  0.08117627
  0.02673186 -0.03259709 -0.04414484 -0.05421909 -0.04539724 -0.0911839
 -0.11524782 -0.05164418]		=	[ 0.14067212  0.12869416 -0.10882336  0.0528669   0.17762867 -0.00870631
 -0.03248591  0.10693233 -0.11977585  0.13143894 -0.20457257 -0.09565361
  0.0063386   0.05378439  0.2934975   0.10617077 -0.0125995   0.06989539
 -0.05103428  0.2474405  -0.07908283  0.07530861 -0.1387327   0.01262148
 -0.16589448 -0.08552881 -0.07842319 -0.07272089 -0.04218545  0.14456722
 -0.06569459  0.02109096  0.02860338  0.00259318 -0.1044839  -0.06571901
  0.00647292  0.05340774 -0.0211514   0.09263804 -0.04508688 -0.03280891
  0.2987942   0.001524   -0.26097286  0.10376296 -0.06728154 -0.01420869
  0.01510058 -0.08575122  0.20600636 -0.12841365  0.2316725   0.00667344
  0.02587087  0.14880487 -0.0184677   0.021461   -0.03946041 -0.06789004
 -0.04868202 -0.00327045 -0.06789059 -0.06655842  0.11632261 -0.09449526
  0.01354551 -0.00177154 -0.04739377 -0.14329112 -0.03361562  0.05502049
 -0.06073414  0.02636608 -0.07259134 -0.06771411 -0.13161698 -0.06691768
 -0.1278697   0.12650047  0.09064305 -0.09483894 -0.16780593 -0.08360028
 -0.003129   -0.09757259  0.0539466   0.19245137  0.06451616 -0.07290259
  0.03528691 -0.07638713 -0.09400702  0.03073683  0.04549001 -0.01594545
 -0.05947486 -0.01004319  0.07658198 -0.18627802 -0.03746895 -0.17845346
  0.14813119 -0.04204092 -0.15596366 -0.02153169  0.18638523  0.04369683
 -0.0132236   0.01130106  0.03509705  0.08414522  0.13373563  0.00109442
 -0.01869907 -0.08180717 -0.11829657  0.05088902  0.07558714  0.01270947
 -0.04951132 -0.04430132  0.03480583 -0.00930524 -0.02238316  0.00767248
  0.18491675 -0.00454273]		[O-]	[ 0.07294628 -0.04627537 -0.0598764  -0.08028598  0.0317466   0.07624049
 -0.09288443 -0.02660596  0.05763529  0.03003278 -0.08151732 -0.00204524
 -0.10776104  0.21456751  0.17123577  0.05916885 -0.17887251  0.09792846
  0.00225625  0.178458    0.0270377  -0.02610443 -0.01609845  0.04335252
 -0.07728744  0.02823022 -0.11077525 -0.1389932   0.08675855  0.1280349
 -0.07606111  0.08253606  0.01056858 -0.06556003 -0.01875632 -0.05518621
  0.00894727  0.08061142 -0.04451139  0.04791405 -0.07603788  0.0594608
  0.25931603 -0.09228222 -0.14598587  0.01722724 -0.1912535  -0.10754915
  0.03616888 -0.02529829  0.22991504 -0.17641568  0.0816857  -0.01333597
 -0.03269199  0.19756667 -0.02337265 -0.04277941 -0.04814735 -0.11681543
 -0.04730108 -0.06055178 -0.10250558 -0.02288598  0.03656012 -0.06791592
  0.04568712 -0.01329724  0.06072358 -0.08602947 -0.09324738  0.13686731
 -0.13694829  0.04596917 -0.09262281 -0.08589125  0.0087089   0.13043569
 -0.03184564  0.16597092  0.00087481 -0.0519339  -0.05362125 -0.11101884
  0.06959968 -0.17514054  0.12861525  0.12572888  0.10905144 -0.0171429
  0.06103696 -0.10800213 -0.19554108 -0.04685548  0.07368717 -0.06104954
 -0.03265091  0.00272596 -0.10777181  0.02769412  0.0577692   0.00256239
 -0.02605511 -0.05730605 -0.05442576  0.08575679  0.05295162 -0.05683124
 -0.04866346  0.08639195  0.08171808 -0.01734361  0.11492611  0.042934
 -0.09898748  0.04673716 -0.10477787  0.03208245  0.13991268  0.1246935
  0.03652357  0.0374546  -0.04227894  0.08731519  0.09590916  0.15606825
 -0.03674463 -0.01422278]		[N+]	[ 3.16643380e-02  1.05789989e-01 -9.99103189e-02  1.25441328e-01
 -2.52991654e-02 -8.70989263e-02  7.08870515e-02  4.01003249e-02
 -4.80126478e-02  1.56845391e-01  7.26511702e-02 -2.24313885e-01
 -7.59822801e-02  1.56369269e-01  1.41006798e-01  5.47674559e-02
 -1.27207533e-01  1.31419554e-01 -1.09803326e-01  2.98612028e-01
  1.47904083e-01  1.76298857e-01 -7.46038556e-02  1.18003264e-01
 -2.28788421e-01  4.70612831e-02 -2.34817311e-01 -1.40533641e-01
 -4.07274812e-02  1.56599805e-01 -1.62701949e-01 -2.96169557e-02
  6.62056133e-02 -9.47074145e-02 -7.79574960e-02 -9.85523760e-02
  6.80497568e-03  5.66798747e-02  4.34304308e-03  8.58140215e-02
 -1.63540751e-01  1.82195213e-02  3.13173831e-01  2.46408433e-02
 -1.48116708e-01  6.40412495e-02 -8.63662139e-02  1.60868034e-01
 -3.00403871e-03  6.22545891e-02 -1.35327941e-02  2.02507339e-02
  1.88619003e-01 -8.96208659e-02 -1.97330147e-01  1.40819609e-01
 -5.63247390e-02 -2.88211915e-04  2.10731402e-02  4.16874364e-02
 -1.39089758e-02 -1.49823260e-02 -6.58558458e-02  4.44102772e-02
  5.59995584e-02 -1.82256028e-01 -4.89415042e-03 -6.22611865e-02
  7.62119293e-02  7.25134136e-03 -3.11359540e-02  1.06938474e-01
 -9.29921120e-02 -4.54402561e-06 -6.14538044e-02 -2.35875510e-02
 -1.09384820e-01  7.64377490e-02 -8.37456211e-02  2.22675741e-01
  1.21134497e-01 -9.27947238e-02 -5.30584864e-02  4.82368432e-02
  6.78121438e-03 -1.84644192e-01  1.46904796e-01  1.50671139e-01
  1.72858983e-01 -6.36861101e-02  1.44304171e-01 -1.69074997e-01
 -1.57737568e-01  1.39414156e-02  6.48313165e-02 -1.94102887e-03
 -8.41065794e-02  2.57520229e-02 -1.36509508e-01 -1.27056137e-01
  8.02583471e-02 -1.73194468e-01 -4.60105157e-03  4.89767641e-02
 -5.85298836e-02  5.92065938e-02  2.27136806e-01  6.30138218e-02
 -1.09045943e-02 -1.44444333e-04  4.46087718e-02 -5.97826787e-04
  1.26201287e-01 -6.73777089e-02 -7.01765716e-02 -1.01007879e-01
 -3.42343152e-02  5.17373346e-02  6.02493733e-02  5.66959307e-02
  6.45434409e-02  7.62661323e-02 -3.90763357e-02  1.26694679e-01
  5.50458916e-02  6.06254116e-02  5.19952700e-02  5.87248392e-02]		F	[ 0.327997    0.08494572  0.02216213 -0.34871718  0.156938    0.19518724
 -0.3125089   0.10422792 -0.25117114 -0.02396166 -0.7448314  -0.39024818
  0.03812464  0.14322299  0.287859    0.05414321  0.09653727 -0.08921693
 -0.21115911  0.1707246   0.0135848   0.06437147  0.04345764  0.1925994
 -0.09936915  0.202888   -0.09493663 -0.09665097  0.12180762  0.08699547
 -0.1807019   0.03766779 -0.06442181  0.01272754 -0.17772026 -0.13423946
 -0.04552345 -0.0256284  -0.03445701  0.06466269 -0.08444564 -0.00617788
  0.28977263  0.01653093 -0.20704612  0.04224392 -0.01845806  0.02969553
  0.21769749 -0.097611    0.14268737 -0.0628278   0.08653291  0.00716658
 -0.05747792  0.2769302   0.05021892  0.04497176 -0.11155255  0.07548328
  0.12010606  0.03894638  0.07705833  0.0490537   0.37345544 -0.2175444
  0.12195409 -0.18818988  0.30726588 -0.1795947  -0.02382467 -0.17823498
 -0.24429467 -0.40326652  0.01116937 -0.16944176  0.02107227 -0.06038132
 -0.26444912  0.0109738  -0.11853876 -0.04063594  0.08326751 -0.05676571
  0.05906197  0.11110882 -0.26934907  0.10050246 -0.18077041  0.01113083
 -0.16541046 -0.15265973 -0.06884463  0.2470436  -0.04061561 -0.09404667
 -0.17213309 -0.12012156  0.23154038 -0.10494347 -0.16446684 -0.20637663
  0.13503708  0.16164197 -0.01314435 -0.15623078  0.10964245 -0.20751993
  0.02724151 -0.17905481  0.07296778 -0.07947994  0.22038971 -0.04466128
  0.0724586   0.05097659 -0.16471572  0.05640362  0.21961817 -0.12547176
 -0.1427775  -0.12388963 -0.00729857  0.0319006  -0.05605723 -0.21636699
 -0.06306708 -0.10026191]		>	[-0.00364921  0.138517   -0.01229083 -0.04780839 -0.05572259 -0.13570233
 -0.01944872  0.15036446 -0.00037714  0.11145249 -0.0136651  -0.07572261
  0.00932006  0.12672509  0.157552    0.15428667 -0.02347828  0.04997429
  0.01142627  0.22290546  0.01620255 -0.01125275 -0.08253671 -0.03552716
 -0.08783405 -0.08456969 -0.06751759 -0.13322204  0.11935214  0.07915401
 -0.14367798  0.03646315 -0.08433169 -0.02562023 -0.01925392  0.13655472
  0.06259961  0.00792825  0.01097738  0.00428068 -0.05053097  0.06882463
  0.33212882 -0.08783806 -0.15937623  0.09349128 -0.1049861  -0.03595417
  0.04322777 -0.08683953  0.11448302 -0.08064116  0.14422832 -0.05221222
 -0.04131959  0.13674502 -0.12031346  0.12230539  0.02576431 -0.1101874
 -0.01312704  0.06947593  0.00734072  0.04942949  0.09174982 -0.08482084
 -0.02534563 -0.05709628  0.10870367 -0.09086473  0.00146046 -0.00222027
 -0.1510539  -0.00926976 -0.03266325 -0.08613398 -0.12883493 -0.08260001
 -0.01423641  0.13141835  0.09560825 -0.06908637 -0.07673504 -0.09414393
  0.15581277 -0.06542394 -0.03708157  0.12029695  0.06797937 -0.21286915
  0.11715217 -0.11214916  0.02275765  0.10950916  0.0130221   0.07815026
 -0.02183857  0.03341861 -0.05739258 -0.07832606  0.15990399  0.0060452
 -0.05591147  0.01786475  0.02304697  0.02468279  0.13174178 -0.01213393
 -0.0203873  -0.04671659  0.08804224  0.07016423  0.12240133  0.00719602
  0.02341434 -0.05780667  0.05115418  0.09371039  0.14778371  0.08919165
  0.06776065  0.07586191 -0.09041304  0.01486663  0.05049452  0.02002862
  0.1958032  -0.03467241]		N	[ 0.09624534 -0.09181554 -0.07294075  0.05190677  0.0558693   0.08743543
 -0.03155223 -0.02298236  0.01656474 -0.0165102  -0.18683161 -0.11225913
 -0.03900605  0.05096118  0.20081584  0.13607852 -0.01507238  0.07604066
 -0.14242257  0.21026802  0.05802193  0.19122863 -0.04785253  0.0967598
 -0.09874502  0.03547351 -0.13083757 -0.16478175  0.0795911  -0.03159245
 -0.23714598  0.00701144  0.07222909 -0.06943863 -0.09269878  0.14802161
  0.36774752  0.08724736  0.25513887  0.01258847 -0.02130007  0.1257092
  0.27641156 -0.05732946 -0.05459955  0.11199833 -0.06430291 -0.13557772
  0.06000395 -0.0515554   0.19571571  0.0431819   0.14360173  0.02186198
  0.10691965  0.14632499  0.0974782  -0.0942012  -0.02652524 -0.1160795
  0.07197261 -0.12188379  0.00305412  0.10212256  0.05610634 -0.0613276
  0.11849775  0.04090921  0.01487327 -0.02671012  0.10294263  0.06401041
 -0.13748962  0.05428642  0.00661455 -0.00876354 -0.12039501  0.03150906
 -0.00765882  0.09941436  0.04954365 -0.0423461  -0.02565616 -0.1167759
 -0.0139087   0.01757857  0.05178649  0.11321758  0.07146884  0.04609086
 -0.01780455  0.00671451 -0.07935942  0.00094454  0.07168713  0.0827152
 -0.12411077 -0.05304206  0.05730167 -0.06120894  0.02548813  0.03615467
  0.06140623 -0.04977269  0.01791728  0.03465742  0.13247803  0.01864882
  0.02351028  0.08112836  0.02683248  0.15918002  0.05305329 -0.02288369
  0.06445081 -0.12783822 -0.04213528 -0.05132622  0.00046365  0.0619234
  0.08440068 -0.06265872 -0.04835025 -0.00736742  0.11288013  0.07856523
  0.09328284  0.06673218]		2	[-0.03137848  0.05652539  0.14774968  0.01624758  0.0240438  -0.06366481
 -0.08137085  0.08920962  0.10113326 -0.00473045  0.1268923   0.01685228
  0.01700706  0.02975328  0.12781757  0.08630274  0.07249842 -0.06489582
 -0.11344775  0.05367392 -0.08451273  0.04464268 -0.06949192 -0.0548442
 -0.10346952 -0.078302   -0.01481721 -0.05956046  0.15606312 -0.00382164
 -0.15761448  0.18585218 -0.2096472  -0.0546439  -0.01173296  0.0919638
  0.07491703  0.06978653  0.09138653 -0.02166891  0.00954274  0.05353725
  0.08030245 -0.02220657 -0.00245567  0.00325424 -0.24343209 -0.1235474
  0.05796218  0.07289128  0.1409355  -0.11151106  0.11473712 -0.05405018
  0.08172838 -0.00149592  0.02136637 -0.00403649 -0.07191218 -0.06101136
  0.01904128 -0.1023065  -0.05822823  0.0622126   0.12132861 -0.11574899
  0.0808133   0.06568144  0.06558503 -0.11829405 -0.01395943  0.08554977
 -0.23925048 -0.08751455  0.03227267 -0.14813977  0.06527814 -0.00831383
 -0.00243751  0.12038767 -0.0468519  -0.08574609  0.04964456  0.003284
  0.06960559 -0.06267172  0.12921679  0.11472809  0.12748832  0.02820336
  0.04053938 -0.11915753 -0.05484071  0.02997521 -0.05080876 -0.00489841
  0.03211575 -0.09378956 -0.00853619 -0.02344206  0.01083254 -0.01212104
  0.05343748  0.02705864  0.01799553 -0.11112973  0.10882229 -0.05771864
 -0.04973312 -0.01693283  0.09189593  0.02662881  0.12120602  0.04514077
  0.07159343  0.09211341 -0.04450173  0.21057941  0.19409665  0.00518021
  0.05856823  0.01636397  0.07790937  0.00091145  0.03949913 -0.24843965
 -0.0542041  -0.09063361]		n	[ 4.75816913e-02 -6.84208348e-02  3.94984871e-01 -2.05686718e-01
 -6.33276701e-02 -3.29172835e-02 -2.49379665e-01 -5.20322323e-02
  1.67523399e-01 -6.11821860e-02  1.38090387e-01 -2.02149361e-01
 -1.19627923e-01  8.57124031e-02 -9.21725631e-02  2.87500415e-02
  1.92685068e-01 -2.62275666e-01 -2.09837437e-01 -6.92507550e-02
 -4.40509692e-02  1.15156449e-01  3.30382735e-02  1.17730923e-01
 -2.43567735e-01  1.14981025e-01 -9.79355946e-02 -1.92596063e-01
  1.68297186e-01 -8.26491937e-02 -2.56880969e-01  2.07601964e-01
 -5.22959530e-01 -4.69349436e-02 -3.27985967e-04  1.60147890e-01
  2.21208483e-01  1.34830520e-01  3.42434257e-01 -1.49120599e-01
 -4.30418327e-02  3.86167155e-03  6.69281138e-03 -5.38508371e-02
  1.20592508e-02 -1.22753046e-01 -1.97962984e-01 -8.66040811e-02
 -9.66694579e-02  6.74946457e-02 -3.63232121e-02 -2.24647865e-01
  1.71962515e-01 -4.36662994e-02  1.47725204e-02 -9.68993902e-02
  1.96449712e-01 -3.20846518e-03 -2.09359184e-01 -9.41968188e-02
  1.30609930e-01 -1.38345957e-01  5.25360219e-02  1.14393726e-01
  3.05962831e-01 -1.84157163e-01 -4.49829772e-02 -3.62132862e-02
  9.63356346e-02 -2.00706527e-01  1.30470991e-01  3.56967077e-02
 -3.83788437e-01 -1.27234906e-01 -4.46795858e-02 -2.54719377e-01
  1.35921016e-02  1.27305567e-01 -1.32745355e-01  1.57840118e-01
 -1.68565243e-01 -7.14490861e-02  1.30681500e-01 -4.70864251e-02
  1.14088515e-02  7.73124993e-02  6.00476633e-05  4.19190563e-02
  4.30421680e-02  2.61457205e-01 -1.18266866e-02 -2.16909245e-01
 -9.00311396e-02 -9.96676832e-03  1.43231051e-02 -8.88174251e-02
 -1.27418533e-01 -1.04373507e-01 -1.17922246e-01  1.80284619e-01
 -3.08841374e-02 -2.25503594e-02 -3.12374115e-01  1.95165887e-01
  1.97703838e-01 -1.63061231e-01 -1.94091901e-01 -1.24837287e-01
 -2.03260537e-02 -1.17903411e-01 -1.04920149e-01 -1.73944339e-01
  1.99754715e-01 -3.83296721e-02  2.33993167e-03  1.98080912e-01
 -6.37825802e-02  2.48839334e-01  1.75043821e-01 -1.26075283e-01
  8.66966322e-02 -7.08182082e-02 -8.53047520e-02  1.53183773e-01
  6.25785887e-02 -1.74551278e-01 -6.45121187e-02  6.63702786e-02]		.	[ 0.03401301 -0.08145265  0.06030387 -0.34709945  0.17600112 -0.03040086
 -0.04785633  0.20880456 -0.04234818  0.21635067 -0.09126689  0.07918479
  0.13933632  0.10375791  0.05407801  0.02730967 -0.04966067 -0.03135267
 -0.24792537  0.12012491  0.02296773 -0.13934198 -0.09155354 -0.02338943
 -0.01688803 -0.07172891 -0.15076463 -0.06245096  0.23661771 -0.03616843
  0.01678854  0.04633512  0.05852452 -0.054805   -0.12980202  0.10841151
 -0.1478496  -0.06229398 -0.04700949  0.1570511   0.09727853 -0.04271424
  0.02987269 -0.13580237 -0.3050066   0.04445939 -0.2556226   0.03771928
  0.15167853 -0.02721941  0.09460918  0.15030341  0.19370374 -0.39659235
 -0.1455754   0.25561747  0.17256968  0.07236414  0.26738536 -0.04189871
 -0.14286117  0.15936676 -0.31264383  0.22596581  0.1791122  -0.00236789
  0.17154664 -0.10704058 -0.33136883 -0.06124197  0.00889943  0.21320134
  0.08250442  0.09714498  0.15023129 -0.2771183   0.06360436  0.13104334
  0.0639702   0.25251818  0.0637601  -0.22136359 -0.06343728  0.18852144
  0.07576463  0.0604459   0.07731518 -0.00299616  0.08390339  0.07047705
 -0.02256306 -0.18188426 -0.14664185 -0.005989    0.04065615 -0.12466452
 -0.36304548 -0.413187    0.08181088 -0.10624768 -0.15786989  0.19145504
  0.0988702   0.02079855  0.09187418  0.03532995  0.12818168 -0.3040397
  0.10171559 -0.00372887  0.10096908  0.25936136  0.01520274 -0.0624634
  0.07081632 -0.01454257 -0.25436652  0.21920769  0.17444909  0.08207477
 -0.0420151  -0.07715371  0.04081435  0.03934755 -0.10466209  0.3260593
  0.2224835  -0.12149367]		Cl	[ 1.93224661e-02 -7.05651119e-02  1.46919772e-01 -2.69659311e-01
 -1.56774521e-01 -5.61694726e-02 -3.20020407e-01  1.72525406e-01
  1.42368957e-01 -1.06514106e-03  3.10649443e-02 -2.09307000e-01
  9.54422206e-02  1.33297905e-01  5.69538539e-03 -1.70934916e-04
 -5.11404984e-02 -1.24820128e-01 -2.22048640e-01 -1.82929620e-01
  7.49979019e-02  5.65630272e-02  8.85749087e-02  1.65484950e-01
 -9.48957130e-02  1.09583870e-01 -1.12123296e-01 -2.34156743e-01
  2.03670427e-01  2.15701371e-01 -3.26101124e-01  6.43379614e-02
 -1.59231171e-01 -1.01562820e-01 -1.55881956e-01  3.10296621e-02
  4.44472544e-02  9.52155329e-03  8.11451301e-02 -1.45579919e-01
 -1.02226473e-01 -8.86463895e-02  1.97565690e-01 -7.26237372e-02
 -1.99664623e-01 -1.20461397e-01 -2.12461501e-01  1.70579704e-04
  1.42325863e-01 -3.68184671e-02  3.44887376e-02 -1.70020893e-01
  7.17897015e-03 -7.63271078e-02 -1.35687560e-01  1.05510972e-01
  1.02678567e-01  2.67574545e-02 -2.12784842e-01  9.54203084e-02
 -1.04463166e-02  5.15968762e-02  2.70513427e-02  1.51615851e-02
  2.68413633e-01 -1.44314557e-01 -1.90842233e-03 -1.29114196e-01
  2.17019513e-01 -2.51191735e-01  3.57102486e-03  6.12399494e-03
 -3.23439449e-01 -2.22257450e-01 -4.92341965e-02 -2.67105073e-01
  8.30165893e-02  4.90284292e-03 -4.74410057e-02 -4.38727206e-03
 -1.57243207e-01 -7.06217717e-03  7.29300380e-02  1.36566823e-02
  4.11395133e-02  9.24730673e-02 -1.44551590e-01  6.71795607e-02
 -7.09545463e-02 -4.66676876e-02  1.58275012e-02 -6.68699071e-02
  2.47334111e-02  1.38946772e-01  3.26687633e-03 -3.57114375e-02
 -9.37791839e-02 -1.85503680e-02 -8.04141387e-02  1.05772965e-01
  4.24179286e-02 -1.66167933e-02 -1.38806134e-01  1.43878534e-01
  1.25343695e-01 -1.85038969e-01 -8.80092531e-02 -1.41607866e-01
  5.28967828e-02  4.16697301e-02  5.93991764e-03 -1.72200844e-01
  2.25394711e-01  1.44690588e-01 -1.92953587e-01  2.22008392e-01
 -1.48065209e-01  1.17789626e-01  1.64585933e-01  7.57044330e-02
  5.85092753e-02 -1.56096697e-01 -3.37521806e-02  1.06052652e-01
  5.39002493e-02 -6.55535161e-02 -1.14283398e-01  7.14541785e-03]		#	[ 0.146352   -0.09041118  0.01566051  0.08145568  0.04704228 -0.09828242
 -0.08950544 -0.00968573 -0.0268445  -0.06585135 -0.12869196 -0.2456405
 -0.00945741 -0.06398349  0.13142768 -0.01900888 -0.09738229 -0.01195794
 -0.12702818  0.09443136  0.09404029  0.07404368 -0.00886784  0.15158519
 -0.18138184  0.03417802 -0.00169031 -0.02804767 -0.06489723 -0.04072061
 -0.10033691 -0.13889657  0.03116761  0.05832521 -0.00256951  0.04336363
  0.03472952  0.0105332   0.10375778  0.12491899 -0.09245869 -0.05014986
  0.09299935  0.0980702  -0.10064184  0.13707075  0.07168901 -0.134616
 -0.04943285 -0.1934722   0.09587462 -0.09369022  0.22596353  0.09913947
  0.05414655  0.19589368  0.02645065 -0.00850963 -0.14836231 -0.08927269
  0.05291311 -0.07590975  0.12157266  0.1818642   0.06157139 -0.04502204
  0.12914862 -0.00524065  0.07080144 -0.05165501  0.09602758 -0.03224911
 -0.18101905  0.03687248 -0.10934547  0.0757217  -0.16279846  0.04926344
 -0.01401102  0.21961068  0.19624256 -0.05755857  0.16781276  0.05241221
 -0.00562342 -0.07453004  0.01757602  0.03723574  0.061784   -0.01523256
  0.05887496 -0.02738999 -0.2302792   0.01127378  0.4055405  -0.08989979
 -0.40937135 -0.07843255  0.09871738 -0.2297319  -0.07140759 -0.00450026
  0.15108345  0.05205169 -0.0800742   0.12881547  0.26167095 -0.07809955
  0.00571362 -0.19934872  0.02652133  0.01916974  0.01591466 -0.00900226
  0.09506005 -0.08665948 -0.08095903  0.04402843  0.13747144  0.10442059
  0.02719448  0.06598321 -0.07305621  0.13603176  0.0529393  -0.12497444
  0.04861221  0.00702133]		S	[ 0.261158    0.1609745  -0.15182202 -0.10849649  0.33668095  0.23339476
  0.07631493  0.13697061 -0.42666987  0.06899635 -0.5063043  -0.14452803
  0.0454555   0.11461515  0.44390783 -0.18069373 -0.26128587  0.2706242
 -0.06561061  0.36222193 -0.07067128 -0.12576583 -0.15184419  0.1435133
 -0.04491472  0.00218411 -0.07506131  0.12793958  0.10408973  0.28698263
 -0.0665682   0.11148243  0.16739732 -0.12374678 -0.1580353  -0.42132154
 -0.19583748  0.13336916 -0.14751048  0.19164929  0.07824026  0.2020852
  0.21410432  0.11365368 -0.18711467  0.16038379 -0.2053372   0.03780257
  0.27046672 -0.08564577  0.31855348 -0.11839285  0.24820364 -0.07526151
  0.01396487  0.44774643 -0.04029423 -0.13051455  0.10546061  0.01476172
  0.11247592  0.02925041 -0.14581876  0.17124456  0.08142781 -0.33715853
 -0.07529914 -0.19178829  0.14735326 -0.23220031 -0.20553663  0.03820613
  0.01277515 -0.11568006 -0.07740103 -0.13270731  0.10308     0.06304068
 -0.1075011   0.16403861 -0.06632745 -0.0450666  -0.19249046 -0.26343942
  0.05178174 -0.02812867  0.07190023  0.29392663  0.17050846 -0.02908735
 -0.08957765 -0.07564755 -0.07766396  0.17960632 -0.3971079  -0.08938574
  0.14718065  0.07487242  0.02601919 -0.08318339  0.03412306 -0.30091712
  0.19065678 -0.155043   -0.32596576  0.05199621  0.13329495 -0.12771398
  0.02955955  0.178549    0.35517806  0.05902232  0.19280167  0.04463007
 -0.06080784 -0.07335094 -0.14433858 -0.03241095  0.16938303  0.10259354
 -0.1706849  -0.0877615   0.0846773   0.0926556  -0.21363665 -0.0036977
 -0.01517497 -0.26633164]		Br	[-0.1687217  -0.05286006  0.4616408  -0.39524275 -0.30894655 -0.34264234
 -0.46663418  0.16440073  0.20271598 -0.0748985   0.5977511   0.1679695
 -0.10743155  0.19463424 -0.04416962  0.00264267 -0.40239167  0.16650327
 -0.1432952   0.2405073   0.20189656  0.02901183  0.15410261 -0.04971615
 -0.28910923  0.40057808 -0.44318524 -0.29844138 -0.01993436  0.3646858
  0.03081161 -0.01102057  0.05010624 -0.04255516 -0.13524365 -0.36236712
 -0.11393601  0.13731243 -0.20195726  0.00449029 -0.10636482 -0.1377786
  0.27816772 -0.08803334 -0.33122864 -0.0342053  -0.35449967  0.05884337
 -0.05996612 -0.31226778  0.05255888 -0.34330335 -0.00807293  0.11554413
 -0.26168972  0.19445734  0.03565913 -0.04043637 -0.02405748 -0.18978688
 -0.19858342 -0.03611332 -0.13525712 -0.09665035 -0.07664276  0.08706036
 -0.14286505 -0.22538754 -0.26956123 -0.22475079 -0.34427315 -0.09929103
  0.1652194   0.09211591 -0.18269344  0.07686403 -0.04427857  0.1426813
 -0.24399272 -0.17977896 -0.17799057  0.10138978 -0.16016921 -0.21883392
 -0.12452158 -0.3601168  -0.06474015  0.2993029   0.0429988   0.05747095
 -0.20209412 -0.1174995  -0.43368673 -0.14590771  0.03752021 -0.32872468
  0.03848107  0.43692046  0.07486752  0.06061752 -0.0766019  -0.06296628
  0.12758423 -0.04518963 -0.08320349  0.13909867  0.14915207 -0.09556963
 -0.21286426 -0.16331016  0.10624602  0.01820914  0.01259319 -0.25169092
  0.1689674   0.32964554 -0.21561943 -0.02396482  0.22364536 -0.0606011
  0.04290853 -0.0751058  -0.0290899   0.15682013 -0.08883209 -0.03302713
 -0.04424011 -0.18833399]		s	[ 2.91605264e-01 -1.86929688e-01  5.78200996e-01 -1.39120474e-01
 -3.14513594e-02 -8.41678202e-01 -1.43392131e-01  2.54890531e-01
 -1.14402182e-01 -8.20705295e-02  5.50310910e-01 -1.21767230e-01
 -9.78042185e-02  4.14563715e-03  3.57694119e-01 -2.60341108e-01
 -5.16152680e-01  4.35005456e-01  5.48660383e-02  4.61739987e-01
  1.75814375e-01 -4.65805344e-02  2.48199590e-02  5.00787914e-01
 -1.83758710e-03  2.87414223e-01 -2.53276210e-02  2.18118042e-01
 -7.62330890e-02  3.08107316e-01  3.02341700e-01 -1.66661978e-01
  6.18827820e-01 -7.39281997e-03 -3.63225430e-01 -7.56841063e-01
 -4.98437099e-02  2.52452552e-01 -7.75854662e-02  2.84865111e-01
 -1.60520412e-02  7.60322884e-02  2.39379883e-01  2.08642080e-01
 -1.18430600e-01  2.95800805e-01  2.92221040e-01 -1.50571749e-01
  1.90223679e-01 -4.68697667e-01  3.15909028e-01 -1.42841727e-01
  2.22193554e-01  2.88677126e-01  1.28065184e-01  7.45034814e-01
  1.21115506e-01 -2.43134722e-01 -1.24417268e-01 -1.53362393e-01
  2.93144435e-01 -1.15095481e-01  5.44015802e-02  1.64825976e-01
  1.44174188e-01 -2.48697728e-01 -2.32183710e-02 -3.82834971e-01
  4.07971233e-01 -1.00281179e-01 -6.06274381e-02 -1.42113194e-01
  3.90608388e-04  1.52761891e-01 -4.20456946e-01  1.69397831e-01
 -1.31070212e-01  4.14498985e-01 -2.38891877e-03  4.21744227e-01
  2.32404582e-02 -9.26991273e-03 -3.74255180e-02 -3.87241751e-01
 -8.50342587e-02  1.75120533e-01 -9.02453139e-02  2.48052366e-02
 -6.96914084e-03  2.21031010e-01 -2.91543484e-01  2.45694026e-01
 -4.10784036e-01  1.34086898e-02  9.80269015e-02 -3.15222472e-01
 -3.57873380e-01  1.29523560e-01  2.28084087e-01 -1.53122753e-01
 -3.40135425e-01 -9.27791670e-02  1.53680354e-01 -2.42627740e-01
 -5.14679074e-01  4.24025148e-01  1.34471968e-01 -2.86484897e-01
 -1.51337475e-01  1.84591245e-02  4.14725959e-01 -3.60021517e-02
 -1.08359776e-01  4.75765392e-02  7.79000446e-02 -4.00777608e-01
 -3.62476021e-01 -3.00390035e-01  2.69147884e-02  2.07128778e-01
 -2.29988217e-01 -2.81358480e-01 -2.01267302e-01  1.49637684e-01
 -2.38041401e-01  6.52808510e-03 -1.97142810e-01 -2.54455209e-01]		o	[-0.25101393 -0.03650255  0.15019429 -0.13342664 -0.22995281 -0.25201288
 -0.1898093  -0.07099951  0.09716033  0.04676492  0.40928492 -0.05098581
  0.08944088 -0.14529689 -0.16831131 -0.22847217 -0.1486803   0.22433795
  0.05161999 -0.05223039  0.09938281  0.06425701 -0.0259548   0.06332104
 -0.14601539  0.07834115 -0.2220811  -0.07933176  0.07037573  0.06778909
 -0.24893785  0.11121987 -0.3827825   0.01064639  0.41054118  0.13880679
  0.16599147  0.21430172  0.24382894 -0.10053606  0.08806337  0.2480815
 -0.0582111   0.16588941  0.264628    0.09531184  0.00867588 -0.32635856
  0.19647336 -0.01765506  0.19037972 -0.07694228 -0.03240518  0.06616407
  0.31470102  0.1102816  -0.04630784  0.07325198 -0.23655422 -0.02043339
  0.16828935 -0.2763643   0.17983232 -0.19107541  0.2675737  -0.03765972
  0.10391806 -0.00211514  0.52640355 -0.10632057 -0.10369801 -0.36731654
 -0.3414404  -0.22739714 -0.2220193  -0.13111268  0.09612802  0.11133892
  0.12031329  0.408568   -0.06292429 -0.08771288  0.28804588  0.384064
  0.1457898  -0.02241613  0.13553546 -0.10818838  0.08498618  0.06746919
 -0.03991563  0.00490454 -0.40072852  0.09209756  0.44604614 -0.1861432
 -0.41668132 -0.14436784  0.02859371 -0.04493136 -0.57803327  0.11085195
  0.08390329  0.20775606 -0.04169431  0.13532196  0.09285904 -0.42741707
 -0.33395463 -0.5171939   0.12269814 -0.24582246 -0.05029873 -0.02820368
 -0.05655901  0.00636225 -0.09539238  0.20191535  0.06328868  0.04381449
 -0.25250614  0.13690609 -0.07871303 -0.09675181 -0.22488017 -0.50621146
 -0.33961177 -0.07320233]		[N-]	[ 2.27137908e-01 -2.58357413e-02  4.05220717e-01 -1.72182202e-01
  7.34574571e-02 -1.58003494e-01 -5.55404305e-01 -3.66657972e-01
 -1.84239000e-02 -1.63961321e-01 -2.32599065e-01  1.69063568e-01
 -1.47686824e-01  2.39356995e-01  2.47591913e-01  5.19783935e-03
  4.53873985e-02  2.33046457e-01  5.80731139e-04  3.77988070e-01
  3.01397890e-01  5.48537672e-02  2.28468224e-01 -1.78777069e-01
 -2.26335853e-01  4.04772669e-01 -4.95236605e-01 -3.60202938e-01
 -1.51571929e-01 -1.87930554e-01 -2.11210176e-01  1.02560647e-01
  2.84283787e-01  1.54075071e-01 -4.68745492e-02 -1.29883543e-01
 -4.79122214e-02 -1.84968799e-01 -4.59008008e-01  3.58707815e-01
 -6.56607807e-01 -1.69193354e-02  5.81733525e-01 -2.83794075e-01
 -4.53372717e-01  3.56212817e-02 -2.71311700e-01 -8.07788447e-02
 -1.30476743e-01  2.66139358e-01  3.85535508e-01 -4.51339707e-02
  1.98696285e-01  1.44521087e-01 -5.36771536e-01  5.92565835e-01
 -2.36096784e-01  1.37991935e-01 -1.81257159e-01  1.05765514e-01
  3.21173444e-02  2.58185249e-02 -1.21484976e-02  3.36141884e-02
  1.48447514e-01 -9.36104804e-02  4.76126313e-01  3.37495990e-02
  3.36850613e-01 -2.24097464e-02 -1.73647553e-01  1.38747843e-03
 -1.12727843e-01 -5.28662264e-01  6.10702261e-02  1.42235607e-01
 -2.06127226e-01  8.03787187e-02 -4.42265213e-01  5.79354689e-02
  7.52127217e-03 -1.77701294e-01  4.23851699e-01  1.86682150e-01
 -1.08197249e-01 -5.16623795e-01 -6.23192340e-02  2.60034408e-02
 -2.86525816e-01 -1.10939644e-01 -2.43010074e-01 -2.54924923e-01
 -4.91583943e-01 -9.17332694e-02  3.24537665e-01  3.28501388e-02
  6.51535019e-02 -6.86068386e-02  1.74862161e-01 -4.11804050e-01
 -5.61607629e-03 -2.65972853e-01  3.61421049e-01  6.58446103e-02
 -7.34631121e-02 -3.60619500e-02  4.95525301e-01  1.42451838e-01
  1.37271345e-01  1.95280328e-01 -3.13942134e-01  1.39541859e-02
  3.65372568e-01 -1.40257582e-01 -4.40308481e-01 -1.66657671e-01
 -3.26577336e-01 -2.64599919e-01  2.31153861e-01  2.04351023e-01
  1.58887550e-01 -9.56699625e-02 -6.65818378e-02 -1.42871151e-02
  2.96697259e-01  4.88605291e-01 -8.10741410e-02  1.75866082e-01]		[S-]	[ 0.22466919  0.03756751  0.37016985 -0.3373048  -0.04383507 -0.22875236
 -0.2087477   0.32166907 -0.28085306  0.14298768  0.18091689 -0.05473516
 -0.03181423  0.03934665 -0.1876838  -0.1876797  -0.24146284  0.34232298
 -0.1421512   0.11500108  0.28633517  0.03615197  0.01677714 -0.3456131
 -0.4081903   0.25309083 -0.6833801  -0.34204847 -0.04424735  0.34264103
 -0.3202393   0.29541695 -0.00919887  0.10471237  0.05231708 -0.21090615
  0.26935983  0.27512488 -0.13293198 -0.03460613  0.08598393  0.07683869
  0.16059104 -0.02518221 -0.33393958 -0.207417   -0.3297893  -0.01653343
 -0.18907197 -0.11103282  0.13446653 -0.2989197  -0.01019268 -0.00078385
 -0.02845542 -0.1139171   0.1751666  -0.11999869  0.03663496 -0.14586483
 -0.04385339 -0.05401934 -0.18168524 -0.35412425 -0.1612615  -0.11369813
 -0.35573176 -0.08051213 -0.48100784 -0.55698806 -0.19028078  0.0713344
  0.15257548  0.10087939 -0.13896036 -0.0210209  -0.10861782 -0.27794805
 -0.32232714 -0.35128868 -0.22467534 -0.00108067 -0.33427107 -0.30029795
 -0.18431787 -0.19943862  0.07752241  0.38886428  0.1888882   0.21534343
 -0.29543763  0.07374077 -0.29385537 -0.0369152  -0.041227    0.01954641
  0.09525712  0.22847441  0.11852841 -0.05371707 -0.00598651 -0.1524301
  0.27635166 -0.33996525 -0.14101638 -0.13530444  0.07908565  0.1451821
 -0.03697507  0.1801022  -0.06402499  0.14515963  0.26116234 -0.15165044
 -0.14131984  0.29853576 -0.17499693  0.16564125  0.0636322   0.06164662
  0.11979306 -0.3725853  -0.02538544 -0.08226161 -0.11077025  0.403336
  0.1417464   0.24218436]		I	[-1.18386067e-01  8.05584192e-02  4.06499177e-01 -2.48730913e-01
 -2.67639309e-01 -4.61622626e-01 -3.15621197e-01  4.58816364e-02
  4.64525037e-02 -2.60314468e-04  5.78279853e-01  1.60525143e-01
 -1.20423399e-01  1.19389296e-01  6.20906539e-02  6.11945009e-03
 -2.96770483e-01  2.63673395e-01 -2.34283842e-02  3.95586520e-01
  2.08523676e-01  5.65679222e-02  1.21768788e-01  2.51475237e-02
 -2.09000245e-01  3.49433064e-01 -3.81940782e-01 -1.06591471e-01
 -9.70802009e-02  2.53878206e-01  8.32556859e-02 -7.02183694e-02
  1.91585287e-01 -1.36761367e-02 -1.16132215e-01 -4.07034725e-01
 -1.07344650e-01  7.56583586e-02 -2.36148775e-01  1.37148201e-01
 -1.63530797e-01 -2.26658657e-02  3.39762539e-01 -4.83258814e-02
 -2.84419656e-01  1.03442274e-01 -1.83220834e-01  3.77408862e-02
 -7.04344129e-03 -2.16625080e-01  1.87388346e-01 -1.76323876e-01
  5.20744324e-02  8.81706253e-02 -1.96685538e-01  3.22605371e-01
  7.22073996e-03 -1.43644297e-02 -1.60730479e-03 -1.42957136e-01
 -1.32067814e-01 -7.30537102e-02 -1.59050286e-01 -1.36008129e-01
  6.13384880e-03  3.26227993e-02  5.83116002e-02 -1.75274462e-01
 -9.01479423e-02 -5.36779314e-02 -2.76116312e-01 -8.90085101e-02
  1.53688058e-01  1.34372916e-02 -1.58899933e-01  1.62451148e-01
 -4.59657647e-02  1.44054726e-01 -2.09571630e-01  3.36992107e-02
 -4.68952432e-02  1.10658482e-02 -3.45345065e-02 -2.59673372e-02
 -9.45246592e-02 -3.02493036e-01  7.60927005e-03  1.23609290e-01
  1.07374154e-02  9.35823247e-02 -2.18589380e-01 -9.51407924e-02
 -4.18813109e-01 -1.09131098e-01  1.31620198e-01 -2.80357718e-01
 -5.17335795e-02  2.34580636e-01  2.23670110e-01 -1.37946889e-01
 -2.54380137e-01 -1.23266906e-01  2.85623670e-01 -4.13565673e-02
 -2.13004023e-01  1.87644392e-01  3.06053191e-01 -5.13067022e-02
 -2.35891655e-01 -2.09035099e-01  1.32561401e-01  1.33951418e-02
 -5.85967451e-02 -2.34440908e-01  1.75288215e-01  3.64942029e-02
 -1.78078637e-01 -8.71123597e-02  1.37186140e-01 -7.20143393e-02
 -8.09077322e-02 -4.27137613e-02 -3.48636545e-02  2.71012429e-02
 -1.38507366e-01 -1.22421943e-01 -1.37864307e-01 -2.00659573e-01]		3	[-0.17130673 -0.10546608  0.31857753 -0.14590143 -0.08203999 -0.24621595
 -0.3097853   0.14262687  0.04521074 -0.02439     0.22323276 -0.05891824
  0.1407401  -0.3442167  -0.22029893 -0.4215398   0.0276031   0.14311974
 -0.07979897 -0.09956989  0.03717058 -0.11884578  0.00295064 -0.04730348
 -0.26993147  0.08538711 -0.26037815 -0.08690756  0.06360726 -0.15900192
 -0.55645865  0.19268818 -0.6641142   0.08106782  0.51975834  0.4320053
  0.36033425  0.16198003  0.55110806 -0.10565056  0.08092027  0.44057152
 -0.25135958  0.11498921  0.4197416   0.06943192  0.04983482 -0.27753717
  0.05463945  0.08821583  0.13106468 -0.04770584  0.18968882  0.17051253
  0.5258201   0.0661917  -0.05310268  0.10698061 -0.2294178   0.12902492
  0.352059   -0.312801    0.344366    0.2018277   0.3519563  -0.13921668
  0.09663718  0.20406975  0.55957067 -0.41821724 -0.00967496 -0.49618793
 -0.4593907  -0.5686518  -0.13292654 -0.3382273   0.26551402 -0.08921894
  0.19309579  0.40896574 -0.25061446 -0.159029    0.5060347   0.5175803
  0.11599497  0.1142139   0.287949    0.04028909  0.2484009   0.03970181
 -0.0285422  -0.05628399 -0.22255692  0.25470436  0.25131372 -0.04463642
 -0.43158862 -0.348996    0.05903617  0.0033882  -0.6130891   0.02327853
  0.0525299   0.23555486  0.09485398 -0.02500306 -0.17657626 -0.5575369
 -0.00433352 -0.32036692 -0.08592754 -0.2199575   0.2414427   0.09724241
 -0.3911426   0.08549257  0.01406679  0.24663053  0.1387649   0.20726176
 -0.2529994  -0.016733    0.0278859  -0.06604864 -0.29067358 -0.36065865
 -0.0352832   0.00959032]		[OH-]	[-0.122552   -0.00801045 -0.15282157 -0.21561284 -0.15557352  0.20137249
 -0.20944948  0.14711647 -0.02663441  0.04589118 -0.11188736 -0.15328915
  0.14965715 -0.21073219 -0.19360727 -0.22493114 -0.04552146 -0.11620017
 -0.22266921 -0.3687511  -0.10430822 -0.04660377 -0.00705084  0.04494848
 -0.1989286  -0.03228679 -0.12364259 -0.16253251  0.17880566  0.10103478
 -0.51936364  0.09489993 -0.60686344 -0.12391873  0.28654918  0.36405873
  0.18329316  0.14278609  0.37957424 -0.2464755   0.21178287  0.06101171
 -0.18158846  0.10821558  0.07231876 -0.05641746 -0.27085477 -0.15954183
  0.06770524 -0.0934864   0.02043849 -0.24825647  0.108752   -0.03750898
  0.2622155  -0.14811246  0.07764872  0.05218673 -0.17602101  0.02196962
 -0.05528153 -0.10457575  0.07043526  0.03284106  0.1475051  -0.01973658
 -0.07770573  0.04529208 -0.03554798 -0.4600794  -0.00667193 -0.14880805
 -0.32763994 -0.14148645 -0.13890035 -0.2894958   0.10418828 -0.11579653
  0.10479265  0.04508089 -0.10858334  0.0040186   0.06860132  0.21825796
  0.06393529  0.01516606  0.0912719   0.16582373  0.22296368 -0.03172722
  0.0610866  -0.04527903  0.05058587  0.16187276  0.12707722 -0.04944361
 -0.20430078  0.02666872 -0.01878138  0.09263156 -0.12850516  0.07744788
 -0.03798873  0.21550693  0.16566338 -0.15733464 -0.04995674 -0.22136527
 -0.10008714 -0.29680532  0.05053426 -0.14827064  0.12306257  0.11979886
 -0.07216828  0.3785207   0.03700792  0.33246878  0.17691949  0.08053797
 -0.01371103  0.0217997   0.03504859  0.06408662 -0.13829912 -0.46515885
 -0.05660616 -0.08556813]		[C@H]	[-0.03054022 -0.03883755  0.34874544 -0.38578773 -0.03738656 -0.32668865
 -0.34319887  0.55631614 -0.140557    0.13851693  0.03994589 -0.09956751
  0.14153016 -0.40278906 -0.11341453 -0.43798488  0.1998738  -0.00671425
 -0.19636019 -0.09689894 -0.21687986 -0.29855806 -0.10315926  0.09542313
 -0.16757225 -0.06793276 -0.2008837  -0.15442602  0.32089555 -0.16429889
 -0.6596975   0.3557326  -0.7828409  -0.11361483  0.39739698  0.51247954
  0.46992698  0.33169714  0.586178   -0.07019317  0.3806155   0.37852708
 -0.20609419  0.20486028  0.33454177  0.08786834 -0.11550909 -0.18801855
  0.0510208   0.06457231 -0.02912057  0.03307796  0.41493553 -0.01045424
  0.50490165  0.02867342  0.0260802   0.18375427  0.0273588   0.07345087
  0.31246012 -0.17862004  0.1916478   0.32230386  0.41558686 -0.20282315
 -0.10004465  0.02833927  0.16951434 -0.7987181   0.00498769 -0.4839669
 -0.384439   -0.458902   -0.12365454 -0.5601219   0.07494663 -0.19293332
  0.21538492  0.3275641  -0.32304096 -0.22216055  0.20968841  0.27937964
  0.13406205  0.28361404  0.19678594  0.26314703  0.3900304   0.0356361
 -0.178739   -0.02769871  0.15580365  0.39919588 -0.31946236  0.13194257
 -0.18579634 -0.17668505  0.09571508  0.06658607 -0.46703556  0.10002051
 -0.11727715  0.16087125  0.19760977 -0.15757346 -0.27301434 -0.5732304
 -0.01123301 -0.15036835 -0.04680976 -0.03161445  0.36739743  0.03529514
 -0.34463206  0.05334451  0.0558372   0.29821712  0.16290615  0.2408099
 -0.16615346 -0.2757484  -0.07174599 -0.04987496 -0.47073957 -0.2655264
  0.27261984 -0.12181886]		[C@@H]	[-0.03120399 -0.04522069  0.24593908 -0.2314463  -0.03862356 -0.23874237
 -0.20605572  0.36666846 -0.0710449   0.11126013  0.05547245 -0.10924096
  0.12355305 -0.3155965  -0.10808145 -0.32759893  0.14672612  0.02254222
 -0.14982742 -0.0932805  -0.09863151 -0.16900891 -0.07520758  0.06112508
 -0.16303669 -0.05994834 -0.17339209 -0.09176194  0.27362975 -0.15387198
 -0.62862045  0.28281233 -0.6583265  -0.06161623  0.36549416  0.49962914
  0.47882134  0.22752112  0.58570075 -0.08933377  0.24749303  0.3913829
 -0.16054112  0.11833154  0.3197964   0.06967463 -0.07057975 -0.22810887
  0.05756477  0.07587305  0.06727316  0.01421783  0.29732004 -0.01479688
  0.49397543  0.01773627  0.04728394  0.11259981 -0.05339376  0.05092244
  0.27264988 -0.20307371  0.17733729  0.26781687  0.36152393 -0.19376782
  0.01106585  0.10813452  0.2471031  -0.57054746  0.07329126 -0.3075663
 -0.433848   -0.3885135  -0.08127277 -0.4554041   0.13065225 -0.15149252
  0.22541727  0.3461081  -0.22627388 -0.20084928  0.25324497  0.31186962
  0.14585719  0.24138778  0.23233868  0.14549562  0.34156716  0.05530323
 -0.06279983 -0.04442946  0.07773653  0.31321996 -0.09078248  0.11564019
 -0.27595684 -0.29305014  0.06226371  0.0497035  -0.38651162  0.11659829
 -0.0761642   0.13918054  0.16582458 -0.11308568 -0.20431453 -0.47721717
  0.01627073 -0.1413798  -0.02357656 -0.05444404  0.279771    0.08924529
 -0.2883317   0.03155713  0.06635926  0.2940083   0.13160616  0.2233811
 -0.1233453  -0.15781936 -0.04779117 -0.04823387 -0.30930847 -0.22956005
  0.14572166 -0.0372482 ]		