C	[-0.11773859 -0.10588984 -0.03352729  0.0630405   0.06613375  0.28338102
  0.02853112 -0.03071983 -0.07338956 -0.1155207   0.11803331 -0.01154551
 -0.01233694 -0.02586327  0.06562176  0.08736791  0.13097075 -0.09689425
  0.13999297 -0.07846488 -0.15042406 -0.12135986  0.10797699  0.04930853
  0.04318584  0.07760211  0.11574235  0.16663708  0.07750786 -0.03784515
  0.15713751 -0.13286868  0.06153201  0.01369553 -0.02015567  0.09268213
 -0.04761779  0.05408438 -0.0845525  -0.05940324  0.07817899 -0.00424046
 -0.12397097  0.0376902   0.1256207   0.05399738 -0.0337331   0.02017904
 -0.1031021   0.07918037 -0.01456681  0.1453866   0.21129371  0.06925318
  0.10118105  0.07340466 -0.03644831  0.02753161  0.00036374 -0.13353164
  0.06518465 -0.00311531 -0.04139538 -0.10177576  0.00613209 -0.03808946
 -0.0620895  -0.04985781  0.0214731   0.07679839  0.00043384  0.01684437
 -0.07678216 -0.0155828   0.03212449  0.03450209 -0.08729682  0.04924755
  0.0141666   0.23543684 -0.04460607  0.02812805 -0.0028217   0.00816545
  0.0895239  -0.03822481  0.15802176 -0.00610706  0.05905966  0.02207016
 -0.07039027 -0.04931653 -0.17699517  0.10192818 -0.15390207 -0.02450312
  0.11027146  0.06615831 -0.10090984  0.08738813 -0.11790524 -0.03299698
  0.05129535 -0.13016015 -0.18314882 -0.03757224  0.09772237 -0.08517536
 -0.00362283  0.11265507  0.04506667 -0.06669784  0.09967586 -0.10300523
 -0.02005036 -0.02543873 -0.05506855 -0.02594753  0.00995096  0.00297747
 -0.04430079 -0.16867355 -0.04684275 -0.00761984  0.05749219 -0.12803955
 -0.05780759 -0.06260573]		=	[-6.15112111e-02 -8.51753056e-02 -2.93173511e-02  1.48067474e-02
  2.24029161e-02  3.16148460e-01  2.91534588e-02 -3.40734646e-02
 -9.41314101e-02 -4.47944030e-02  1.60617456e-01  1.38268908e-02
 -4.61349338e-02  3.56858335e-02  3.17676552e-02  1.00729458e-01
  2.84344442e-02 -7.19191879e-02  1.19858339e-01 -4.07321006e-02
 -1.25251934e-01 -1.17404081e-01  1.24442041e-01  1.73271820e-02
  6.94269836e-02  7.79060945e-02  1.13740407e-01  1.67094111e-01
  5.17406836e-02 -2.70903800e-02  1.01796582e-01 -1.13178305e-01
  4.32559513e-02  4.18598624e-03 -2.94453911e-02  5.42388111e-02
 -2.98256930e-02  7.22820982e-02 -7.19100013e-02 -6.00272603e-02
  5.73472232e-02 -1.17467344e-02 -1.19968243e-01  5.58865033e-02
  1.55090705e-01  8.00755247e-03 -2.41624191e-02  1.70794525e-03
 -5.85487448e-02  1.14868954e-01 -9.52176936e-03  1.18415870e-01
  1.83271170e-01  9.08880904e-02  9.85778272e-02  5.18876687e-02
 -4.61500660e-02 -3.78507785e-02 -2.26815939e-02 -7.30679259e-02
  5.92533424e-02  2.43207943e-02 -4.79269773e-02 -9.21653658e-02
 -2.61894651e-02 -7.99954608e-02  2.11559795e-02 -7.05294088e-02
 -5.66215366e-02  1.64451934e-02 -1.32546071e-02  5.90678416e-02
 -1.14899240e-01  1.23698935e-02  3.12630436e-03  2.12649815e-02
 -6.95723817e-02  6.99875131e-03  5.75204380e-03  2.32220918e-01
 -3.65998186e-02  2.25995239e-02 -4.14443985e-02  1.61493570e-02
  9.70013067e-02 -6.51872829e-02  1.73455581e-01  1.38480579e-02
  1.95685308e-02  6.81665540e-02  1.35941734e-03 -2.99447626e-02
 -1.15103789e-01  4.97205295e-02 -7.30840117e-02  2.87986118e-02
  9.84299853e-02  6.71186522e-02 -6.56017512e-02  7.21608028e-02
 -1.16003402e-01  8.80214095e-04  1.51660875e-03 -1.10708959e-01
 -2.25597784e-01  2.55067255e-02  4.57135066e-02 -7.73094520e-02
 -6.14680102e-05  6.73341826e-02 -1.87882166e-02 -9.95796248e-02
  7.24392161e-02 -5.05606718e-02  2.01609172e-02 -2.81731673e-02
 -2.63957977e-02 -6.13471260e-03  7.78218061e-02  1.87919792e-02
 -5.31850010e-02 -1.62681013e-01 -1.61740894e-03 -6.25157123e-03
  2.56119277e-02 -5.75806946e-02 -6.91228658e-02 -3.92370485e-02]		)	[-0.12391971 -0.16072229 -0.01089198  0.10136965 -0.10270054  0.26513883
 -0.00653166 -0.00819606 -0.01876075 -0.00520631  0.08529688 -0.03833866
  0.01911491 -0.05217829  0.05424877  0.04453207  0.04640853  0.0269121
  0.14480297 -0.10193005 -0.1778297  -0.03807033  0.02535741  0.07578867
  0.02443396  0.05529949  0.14525302  0.10153303  0.11044881  0.03442269
  0.15714039 -0.07396608  0.04553084  0.04809215 -0.03195652  0.1285497
 -0.0773394   0.04095541 -0.1142427   0.00075982  0.03475345  0.0336166
 -0.09415487  0.05063975  0.09491176  0.02090678 -0.00895911 -0.02371455
 -0.05330839  0.11301503 -0.01364954  0.13376847  0.18654495  0.08889089
  0.10322566  0.1033087  -0.05614268 -0.01335049 -0.04953333 -0.13136755
  0.10861757 -0.05028779 -0.04716486 -0.10578733 -0.00569878 -0.07378162
  0.0081209  -0.054398   -0.06997576  0.07613851  0.03675954  0.04582336
 -0.12507865 -0.01393914  0.01198252  0.04768801 -0.05018778  0.01203022
 -0.02299693  0.2261938  -0.00830628 -0.0238092   0.02249681  0.0263977
  0.07599856 -0.03460029  0.16661204 -0.00542694  0.04470427  0.08977653
  0.03528409 -0.02426126 -0.12360425  0.06727453 -0.07347082  0.05502438
  0.08768958  0.04369476 -0.06572884  0.06405648 -0.12438257 -0.02727382
 -0.01064887 -0.11687731 -0.1875906   0.07106552  0.02863066 -0.10198864
 -0.01727843  0.0717377  -0.02748176 -0.08942679  0.07117312 -0.00527544
 -0.00123722 -0.0501995   0.0292839  -0.01532264  0.0922871   0.05011965
 -0.0175653  -0.26827425 -0.00528642 -0.11407439  0.0079034  -0.09667657
 -0.03346661 -0.02027404]		(	[-4.70374562e-02 -9.80838761e-03 -3.48210186e-02  3.73839028e-02
 -6.12868629e-02  1.74343422e-01 -2.72551738e-02 -9.56576914e-02
  5.87166287e-03  1.33581078e-02  1.16775349e-01 -2.24544108e-02
 -4.50573687e-04 -9.39134602e-03  1.04906641e-01  7.69084170e-02
 -2.51212064e-02 -1.16090467e-02  1.66067541e-01 -1.10820457e-01
 -1.39346138e-01 -4.57456894e-02  2.28114557e-02  5.84095120e-02
  3.20446864e-02  1.08345136e-01  1.74828053e-01  1.33152917e-01
  5.53716794e-02  3.19831483e-02  1.08215019e-01 -1.82819158e-01
  1.50947854e-01  4.73177619e-02 -1.93271097e-02  1.30725339e-01
 -6.15109503e-02  4.05167677e-02 -1.05683796e-01 -3.16849933e-03
  4.15158533e-02  3.00772879e-02 -1.03179500e-01  3.85244787e-02
  1.42167255e-01 -2.68980581e-02 -5.82695648e-04  1.40505296e-03
 -7.38720372e-02  1.13826007e-01  8.71440209e-03  9.67152119e-02
  1.81901693e-01  8.94147307e-02  8.24602246e-02  9.20798704e-02
 -5.55191413e-02 -1.09717594e-02 -2.48472504e-02 -1.18823662e-01
  8.82870853e-02 -1.26201967e-02 -5.09684794e-02 -1.22839876e-01
  2.04174928e-02 -1.17399558e-01 -4.84122476e-03 -9.08006355e-02
 -5.59357889e-02  7.20469281e-02  1.21569588e-04  7.65548721e-02
 -1.12512603e-01  2.83793174e-02  4.57773451e-03  1.26171885e-02
 -5.53237014e-02 -3.90752312e-03  3.86738740e-02  2.82005906e-01
  2.18732399e-03 -1.04623279e-02 -3.79218981e-02  3.16349901e-02
  7.46414885e-02 -5.25627472e-02  1.99074477e-01 -2.81413988e-04
  3.76948365e-03  3.99170779e-02  1.89827494e-02 -1.85191296e-02
 -1.64327011e-01  5.54196239e-02 -8.03533420e-02  6.71860063e-03
  9.75511223e-02  9.45729688e-02 -6.09064996e-02  7.26079792e-02
 -1.47085726e-01 -1.09632341e-02 -2.04415061e-03 -1.36636183e-01
 -1.49543956e-01  2.16107331e-02  3.89628895e-02 -4.64274362e-02
 -2.42933091e-02  5.52583784e-02  8.47612135e-03 -8.61248076e-02
  6.16547875e-02 -2.85466313e-02  1.43628381e-02  1.33856591e-02
  1.00882910e-02 -1.58528406e-02  8.43362436e-02  1.45722525e-02
  2.22349279e-02 -1.90773726e-01 -4.86159958e-02 -5.82715347e-02
  3.51685919e-02 -9.26337391e-02 -4.66840602e-02 -2.34488361e-02]		2	[-0.11226469 -0.06539854  0.11440204  0.04495766  0.1118601   0.2625649
 -0.03362668 -0.07169478 -0.05888791 -0.13125798  0.08042589  0.06039159
 -0.04094048  0.00687716  0.03806019  0.09365832  0.03644917 -0.02949754
  0.09507962 -0.05087839 -0.18824914 -0.06933294  0.16436277  0.05811962
 -0.01314041  0.16446654  0.13141693  0.1318093   0.06609299 -0.03056808
  0.17812416 -0.15591122 -0.00304909  0.01653158 -0.02097093  0.09775218
 -0.01502333  0.04507877  0.01487579 -0.01848161  0.04640867 -0.03630734
 -0.05248964  0.07419528  0.18979044  0.05552449  0.02086902 -0.02500433
 -0.06576101  0.02985687 -0.07681479  0.08896591  0.2224587   0.12812285
  0.05916336  0.05300248 -0.03310649 -0.06111405 -0.0048983  -0.13770434
  0.03720406  0.01089052 -0.08209869 -0.08737237  0.00476122 -0.11773469
  0.05608463 -0.06047009 -0.07411209  0.05433601  0.00082431  0.04443487
 -0.11288905  0.02067534  0.00533974  0.0079614  -0.08544674  0.02158808
 -0.00881507  0.19768581 -0.06182335  0.06994487 -0.02882894  0.01849804
  0.11656552 -0.06981371  0.14070162  0.01708552 -0.02869749  0.03737462
  0.0032713  -0.02613632 -0.0931769   0.06904104 -0.08217747 -0.00332914
  0.11437745  0.05691223 -0.08553948  0.04006027 -0.11980436  0.01442351
  0.04945493 -0.10384361 -0.20786375  0.03402603  0.0409129  -0.04937179
 -0.01700391  0.03933477 -0.00509056 -0.10249861  0.05878706 -0.06229858
  0.08081652 -0.09604345  0.01648938  0.0004798   0.00852931 -0.06485575
 -0.04486018 -0.13901457 -0.0517875   0.02897704  0.02772343  0.01671821
 -0.07529645 -0.05570411]		1	[-4.18175086e-02  5.31862956e-03 -5.95486127e-02  5.94297387e-02
 -6.57499358e-02  2.29344189e-01  4.41183001e-02 -6.52256832e-02
 -6.17007725e-02 -1.26659721e-01  3.87906395e-02  1.58883224e-03
 -2.58055553e-02  4.35560867e-02  3.82516272e-02  1.15258895e-01
  1.74963474e-02 -5.68815544e-02  1.81932062e-01 -2.48049516e-02
 -2.52679467e-01 -7.21084252e-02  1.47409931e-01  7.46108741e-02
  4.14895080e-02  6.95501566e-02  1.27992570e-01  9.06162187e-02
  3.64253856e-02  2.64624655e-02  6.28232956e-02 -1.06431909e-01
  8.76626670e-02  4.51718047e-02 -4.72364128e-02  1.46606520e-01
 -4.61363643e-02 -4.24879472e-05 -1.01497710e-01 -4.81047742e-02
  1.23361750e-02  1.72974821e-02 -1.06967911e-01  6.20315261e-02
  1.79109529e-01 -4.99174595e-02  4.52849083e-02 -9.47735738e-03
 -8.78784359e-02  7.17065111e-02 -4.06697802e-02  7.50798658e-02
  2.04154238e-01  8.34552422e-02  1.13426834e-01  5.00893518e-02
 -2.07198653e-02 -1.00637041e-01 -9.64382589e-02 -1.03274889e-01
  9.22347382e-02 -5.38414754e-02 -5.00576496e-02 -9.45945457e-02
  4.74689305e-02 -1.39431670e-01  5.05509824e-02 -8.84738117e-02
 -6.79435059e-02  9.01850611e-02  6.17072452e-03  5.34363650e-02
 -1.38032243e-01  4.53004688e-02 -2.11405568e-03  2.90543027e-02
 -4.15328518e-02  7.06342189e-03  2.83812778e-03  2.52377421e-01
  3.49716209e-02  1.47028705e-02 -6.77004978e-02  3.51275690e-02
  1.18655227e-01 -9.14064050e-02  1.59533113e-01 -6.60130009e-03
  1.17215328e-01  2.66971588e-02  1.33179473e-02 -7.29570314e-02
 -9.62406322e-02  8.25727433e-02 -1.26265883e-01  1.61002502e-02
  8.86455849e-02  5.04047126e-02 -6.36841357e-02  6.88773021e-02
 -8.01948830e-02 -3.76653336e-02 -4.04443331e-02 -7.41688311e-02
 -2.14260861e-01  5.26803769e-02  3.04407775e-02 -2.85773836e-02
 -1.63019560e-02  3.10219824e-02 -1.84240285e-02 -1.07588582e-01
  4.41974178e-02 -7.87556637e-03  7.24431127e-03 -3.64156589e-02
  2.52422225e-02 -2.77642207e-03  3.39841545e-02  9.61686950e-03
 -4.67368029e-02 -1.36398658e-01 -3.44256349e-02 -1.20499037e-01
  5.28407469e-02 -8.76801386e-02 -7.33785853e-02 -2.41456497e-02]		O	[-0.06679485 -0.03286972 -0.06379832  0.10972141  0.0466071   0.2613895
  0.00939046 -0.00609647 -0.06667472 -0.07104786  0.08963901 -0.02751324
 -0.0799426   0.01732063  0.12130575  0.1274217  -0.00855481 -0.03539119
  0.165028   -0.0037935  -0.17233314 -0.08620743  0.14887363  0.00514606
  0.00087679  0.16701353  0.16690505  0.175023    0.08127892  0.02334487
  0.09763177 -0.12865579  0.05671718  0.05451022 -0.04865924  0.12428491
 -0.05705852  0.02844111 -0.06041043 -0.02267288  0.04022296 -0.01073282
 -0.12381338  0.0581031   0.16511309  0.00249816 -0.01039798 -0.00321624
 -0.05888752  0.11367857 -0.04374815  0.12919499  0.16355686  0.06999666
  0.07122907  0.01708082 -0.03064085 -0.09851266 -0.0485639  -0.03983629
  0.03417405  0.02381446 -0.0728019  -0.11336492  0.02008399 -0.12152784
  0.09224167 -0.08492769 -0.07368815  0.03522879 -0.03120143  0.05040646
 -0.12654789  0.03899487 -0.00429593  0.02871365 -0.08343305  0.0015341
 -0.01350046  0.1750836  -0.04412509  0.04487262 -0.01438351 -0.00508574
  0.0869831  -0.05375722  0.12567179  0.03283769 -0.02239406  0.05068754
  0.05364306 -0.04633541 -0.06317423  0.06544188 -0.10515577  0.04663806
  0.10281374  0.05054538 -0.05526432  0.04120781 -0.13995764  0.01827825
  0.00299437 -0.08173831 -0.18421233  0.03769856  0.03371433 -0.03871541
 -0.01585449  0.01509003  0.00418004 -0.10026582  0.04331852  0.02504297
  0.04247186 -0.05242983  0.06234291 -0.00214128  0.06986645 -0.01069256
 -0.01590052 -0.21095084 -0.103234   -0.06697541 -0.05225174  0.01030733
 -0.02975644  0.02109679]		.	[-0.10719822 -0.08539277 -0.05578063  0.00785196 -0.01691433  0.30065677
 -0.04770808 -0.1372484  -0.06752641  0.00909958  0.12464736  0.03297091
 -0.03851984  0.03481239  0.11778315  0.03215858  0.03990013  0.01251776
  0.13553639 -0.14044183 -0.17954008 -0.0054976   0.14243576  0.10135175
  0.00903925  0.15829769  0.17673269  0.08217312  0.10304096  0.05271509
  0.03989124 -0.07353316  0.10165118  0.01121221 -0.04106523  0.2029283
 -0.00270062  0.03332986 -0.02193961  0.03042492  0.03514105  0.07014881
 -0.08926856  0.04888034  0.17064542  0.012814    0.02584778  0.03101488
 -0.07199281  0.06864996 -0.01071563  0.08864284  0.21614252  0.0760795
  0.06471247  0.09175717 -0.04007636 -0.05466237 -0.03111313 -0.15999779
  0.13021594 -0.03713883 -0.06940092 -0.06257005 -0.03713183 -0.07749355
  0.00803156 -0.06599312 -0.06012514  0.00168105  0.00369995  0.05982919
 -0.10562361  0.01863215 -0.01420234  0.03467321 -0.09214818  0.02237571
 -0.0326566   0.20916238 -0.0096677  -0.01168837 -0.00536182 -0.0113531
  0.11097118 -0.04849123  0.14334498 -0.00142021 -0.02011318  0.07979199
  0.02383762 -0.02049997 -0.12689312  0.05306932 -0.03780957  0.00435061
  0.10791329  0.06839343 -0.05173598  0.05903246 -0.07828065 -0.00090691
 -0.01589881 -0.09639221 -0.18957797  0.03409551  0.05798054 -0.0558989
 -0.03016627  0.05981624  0.03809509 -0.09516766  0.07005587  0.00092434
 -0.03023972 -0.04129046  0.08099023 -0.0196435   0.0367754   0.03090853
 -0.05788809 -0.25150436 -0.03646813 -0.01118174  0.00289267 -0.05252876
  0.03037158 -0.06095561]		N	[ 0.03261776 -0.03622049  0.07284494 -0.06908525  0.04229024  0.34168655
 -0.04280594 -0.01573299 -0.0091865  -0.03777399  0.15869077  0.0544997
 -0.08725116  0.11090259 -0.00138506  0.14776663 -0.03215487  0.04947242
  0.10877579 -0.0220481  -0.14692664 -0.07064854  0.17038745  0.06417922
  0.04686332  0.18038198  0.14593042  0.0810892   0.13013181 -0.02010413
  0.08033799 -0.16745916  0.08230425 -0.04832126 -0.02098612  0.09049134
 -0.0300196   0.05188618 -0.06162093 -0.01278901 -0.01465348  0.01912737
 -0.06012774  0.07702204  0.1868553  -0.07233173  0.01557653 -0.00892475
 -0.00983216  0.06827202 -0.02913119  0.0574644   0.11948624  0.0839057
  0.05883491  0.02037671  0.01278529 -0.05810967 -0.01373648 -0.04443739
  0.01444251  0.05103409 -0.02980038 -0.09040612  0.03584618 -0.12479988
  0.0268159  -0.11322609 -0.10408288  0.05388732  0.00642086  0.03504994
 -0.14513543 -0.00578451  0.04102308  0.07652372 -0.06265754  0.02283407
 -0.00847849  0.24623658 -0.04269188  0.11383508  0.04643464  0.05036196
  0.06155636 -0.041645    0.19953525 -0.00800289  0.1150315   0.0764404
  0.00932246 -0.08446296 -0.13590553  0.06651257 -0.08081887  0.06653749
  0.06911656  0.02951043 -0.07149924  0.06168166 -0.10629939 -0.03800531
 -0.01319043 -0.0682872  -0.23496951  0.02848193  0.03594969 -0.07354964
  0.03607428  0.04938956  0.03110058 -0.08538198  0.08983558  0.06225667
  0.01772028  0.0108315   0.06671023 -0.01388557  0.13708504  0.02615408
 -0.10303996 -0.13841479 -0.04575576  0.01033586 -0.0642277  -0.03195487
 -0.01982974 -0.02982798]		[O-]	[-0.08624209 -0.06700879  0.16663992  0.0820867  -0.0844154   0.2733091
  0.0163634  -0.088061    0.09299242  0.05097095  0.13635612  0.07596454
  0.22772612 -0.06078533  0.0845371   0.0880002   0.00377884  0.04754947
  0.13144141 -0.13677938 -0.14711113 -0.0560835   0.0860097  -0.00310786
  0.05868553  0.11691946  0.10423924  0.19936873  0.04279641 -0.03826949
  0.07273351 -0.2002633   0.10815706  0.00439682 -0.03119191  0.07718082
 -0.03389782  0.05182483 -0.12875237 -0.01993466  0.00767996 -0.03591421
 -0.04105245  0.05391061  0.26688623 -0.14136633  0.07045245 -0.06265815
 -0.0013417   0.00062701 -0.07183187 -0.0183543   0.11895123  0.1572278
  0.1312066   0.0399059  -0.03048541 -0.07063145 -0.02604024 -0.08268391
  0.05257421  0.01504821 -0.04022111 -0.08211841  0.04829119 -0.20178597
  0.01932961 -0.07763404 -0.11218262  0.12323724  0.03748082  0.0691378
 -0.166847    0.02387355 -0.0437239   0.04058267 -0.0125243  -0.02405494
 -0.07651091  0.1505531  -0.00197401  0.04264425 -0.02267307  0.04740532
  0.18211617 -0.11289813  0.19361888  0.00165644  0.08245184  0.05507448
  0.11611416 -0.04029046 -0.10280152  0.0666053  -0.0614466   0.0625325
  0.03755865 -0.0196159  -0.09828404 -0.02962056 -0.17502263 -0.03726289
 -0.02181125 -0.1164445  -0.12740386  0.08280908 -0.00545203 -0.08258548
 -0.00466454  0.00183961 -0.02489418 -0.07412444  0.03086243  0.05303148
  0.06131867 -0.06716385  0.10393669  0.00950173  0.08191434 -0.01299583
  0.07323903 -0.1940296   0.00798184  0.07356004  0.03865011 -0.02640271
 -0.11570354 -0.10902774]		>	[-0.06527917 -0.07338214 -0.00043993  0.28030217  0.02514724 -0.13980341
 -0.11809114  0.04234556 -0.17297643 -0.02287614  0.01264882  0.07130235
 -0.16552946  0.16436915  0.12438264  0.1688217  -0.16745561 -0.11724468
  0.20397715 -0.17937125 -0.05467168 -0.04289233 -0.07014888  0.01256388
  0.00956244  0.18113199  0.1447215   0.1359792   0.17020158  0.00881596
  0.03609724 -0.11172432  0.02783005 -0.03131122 -0.04839508  0.09713103
 -0.04906847  0.12848149 -0.0443003  -0.00668947  0.05211604  0.14994708
 -0.1273188   0.09713674  0.14706542 -0.0775023   0.08313639 -0.04287594
 -0.07826208 -0.00607185  0.1245051  -0.00983148  0.26957768  0.13333663
  0.14048108  0.11458925 -0.06238878 -0.12698029  0.01819289 -0.0996905
  0.05111484  0.15427658 -0.06316523 -0.21007949 -0.07979739 -0.12927878
  0.01549371 -0.04509724 -0.07185961  0.14650975  0.01513355  0.03129045
 -0.18035889  0.07141107 -0.07245289 -0.03360141  0.04052575 -0.08470841
  0.017533    0.14727087 -0.18522774  0.14006977  0.04599734  0.14330813
  0.01023599 -0.0445765   0.18345787  0.0522779   0.09690601  0.06275392
  0.01407585 -0.03907462  0.01298604  0.06114434 -0.09505648  0.09848013
  0.13750844  0.08224742 -0.08535817  0.09653747 -0.02008945  0.00743486
 -0.05836202 -0.10733096 -0.33847344  0.06921841  0.06639026 -0.19335422
  0.06813835  0.03094998 -0.01705526 -0.1279713   0.11751822  0.04278571
 -0.03528897 -0.13481426  0.12839088  0.03402698  0.12122224  0.07526351
 -0.19170263 -0.16256459  0.09529213 -0.01160137 -0.0097854   0.05165216
 -0.2157502  -0.08320508]		F	[-0.19291587 -0.1301152   0.1962268  -0.01505971 -0.11267411  0.07086194
 -0.20509675 -0.14130284  0.03105332 -0.07092795  0.05404649 -0.01173342
  0.04090767  0.01169404  0.13405089  0.00261382 -0.10317911  0.08458736
  0.17029071 -0.09919409 -0.23652208  0.00658383  0.20689733 -0.04248449
  0.0230216   0.3012809   0.1818939   0.13714798  0.14330567  0.00412031
  0.0143874  -0.21812163  0.12975049 -0.01470008 -0.04534092  0.13331208
 -0.06467362  0.03919111 -0.12124345  0.00756987 -0.00678051  0.09751531
 -0.06896393  0.15397634  0.17132401 -0.08072292  0.08288698 -0.02840759
 -0.05480441  0.00472847 -0.05230205 -0.00179431  0.12550433  0.07336634
  0.08887303  0.00985465 -0.04940148 -0.12549345 -0.0021629  -0.07094304
  0.02754024  0.08373185 -0.10553939 -0.12728739  0.09089216 -0.20053324
  0.04252599 -0.12447756 -0.10198612  0.11845639 -0.01141854  0.03552585
 -0.06643542  0.06244286 -0.057724    0.00207105  0.06580114 -0.01147803
  0.01288398  0.06994044  0.04916258  0.01834013  0.03673535  0.05567305
 -0.01356909 -0.02993766  0.09005482  0.00902655  0.01717912 -0.001258
  0.13853166 -0.02029376  0.00790316  0.01631736 -0.01390026  0.11025857
  0.02011581  0.0271701  -0.04807024  0.04190936 -0.09545711 -0.00670228
 -0.05963783 -0.0349904  -0.13931568  0.19954205 -0.08970723  0.01964217
 -0.04131776 -0.08966265 -0.09335162 -0.11222657 -0.0096951   0.14122343
  0.08331301 -0.06873146  0.25047982  0.0518249   0.09372504 -0.02641327
 -0.07924952 -0.11774102 -0.06033303 -0.12351344  0.06629101 -0.2135083
  0.00883633 -0.09741789]		3	[-3.90170552e-02  2.83868816e-02  1.16045490e-01  6.39103279e-02
  2.80646592e-01  2.33557358e-01 -4.31078225e-02  2.15769559e-01
 -6.29848763e-02 -1.10896051e-01  3.47058997e-02  7.53981173e-02
 -1.43386096e-01  8.51714462e-02  1.23150239e-03 -1.71498151e-03
  9.18119401e-02 -8.73883292e-02  7.76894987e-02  8.46252870e-03
 -1.39640629e-01 -5.25819696e-02  2.96548337e-01 -9.67750922e-02
  1.20599112e-02  2.89600730e-01  7.72855356e-02  2.16637835e-01
  3.05988312e-01 -7.64021054e-02  7.37939551e-02 -2.22115181e-02
 -6.06408529e-02 -8.46599713e-02 -5.50954901e-02  1.25871509e-01
 -3.28038745e-02  1.48241952e-01  2.41704844e-02 -5.42453229e-02
 -8.36762860e-02 -1.51921697e-02  3.11668008e-03  1.51726892e-02
  2.48437405e-01 -1.61235899e-01  8.63089263e-02 -7.31505081e-02
 -3.92339081e-02  1.12896323e-01 -4.74974774e-02  6.17525913e-02
  9.25610736e-02  8.48795772e-02  6.64319992e-02 -1.15698121e-01
 -2.38851923e-02 -2.14900926e-01  2.96641365e-02 -6.40513971e-02
  4.87999208e-02  1.74879625e-01 -1.17300101e-01 -1.08172596e-01
 -4.98430151e-03 -1.76969603e-01  6.56404570e-02 -1.55357912e-01
  2.13817204e-03 -6.10140897e-02 -1.54874951e-01  3.15772220e-02
 -1.12442382e-01 -9.65381861e-02  1.19619124e-01  1.52878258e-02
 -7.51352683e-02 -2.12067012e-02 -2.15060916e-03  1.94979548e-01
 -6.22050613e-02  7.88200870e-02 -3.73988450e-02  4.25590687e-02
  1.34285435e-01 -6.68283030e-02  1.59052938e-01  3.54247168e-02
  1.08230272e-02 -1.61388628e-02  3.40192616e-02 -7.71950260e-02
 -1.00341707e-01  9.08663403e-03 -5.20589501e-02 -8.92905220e-02
  7.17278719e-02  1.86964255e-02 -8.19257461e-03 -9.61874903e-04
 -2.15922773e-01  6.77502006e-02  1.21193612e-02 -5.06701507e-02
 -2.69659519e-01  7.24474490e-02 -1.37434276e-02 -4.23797071e-02
 -4.99398224e-02 -5.18874414e-02 -3.50512657e-03 -1.52183756e-01
  1.15659907e-02  1.07610852e-01  1.06739737e-01 -9.62859690e-02
  3.90121229e-02  1.08541297e-02  1.53600490e-02 -1.06817842e-01
  4.64048497e-02 -2.32990994e-03  8.29557612e-05 -4.67674322e-02
  9.68347341e-02  8.92801359e-02  2.69529466e-02 -3.53477746e-02]		P	[-3.01434807e-02  8.82134140e-02  2.43605524e-02  2.57666111e-01
  1.78410038e-02  2.71073282e-01 -2.74850607e-01 -2.24028185e-01
  8.76728073e-02  1.55229628e-01  3.09079979e-02 -7.74824321e-02
  4.11759019e-02  6.83379993e-02 -1.06078330e-02  2.56657839e-01
 -2.09153555e-02  1.15129106e-01  1.54619947e-01  8.73125270e-02
 -1.06711924e-01 -4.33239974e-02  3.62967737e-02 -1.99922584e-02
 -2.79869854e-01  2.13273987e-01  2.19965413e-01 -2.62404457e-02
  9.35673900e-03  2.47958675e-01  1.91587999e-01 -1.81783900e-01
 -7.42592663e-02  1.11173138e-01 -1.27949407e-02 -2.31229104e-02
 -1.02827489e-01  6.44618347e-02  7.92788528e-03  8.53347853e-02
  9.37301666e-02  1.01241775e-01 -1.30184829e-01  1.28709599e-01
  1.32085040e-01  4.09505656e-03  1.33263869e-02 -5.01365848e-02
 -1.02383172e-04  5.81325628e-02 -1.17285438e-01  2.30488908e-02
  1.54656902e-01  1.43688172e-01  5.10525219e-02  7.37461746e-02
 -4.53478023e-02 -8.57549012e-02 -1.37008473e-01 -1.58248127e-01
  3.55337188e-02 -4.78630960e-02 -3.98967862e-02 -1.21330038e-01
  2.02147309e-02 -1.69290781e-01  9.29006189e-02 -9.37054828e-02
 -2.66774327e-01  1.15913510e-01  1.10074431e-01  1.73520278e-02
 -1.48266241e-01  1.43735841e-01 -1.87642500e-02  2.05178056e-02
 -5.72297983e-02  2.37336475e-02  6.95912167e-02  2.89242268e-01
  4.29845378e-02  1.50266970e-02  3.74673158e-02  2.99742930e-02
 -8.40381235e-02 -5.65120485e-03  1.15669109e-01 -1.25679793e-03
 -2.68987361e-02  5.96645437e-02  9.93527323e-02 -9.48108081e-03
 -4.91493382e-02  8.03656057e-02 -9.32929814e-02  6.92400932e-02
  9.34326276e-02  8.70197043e-02 -1.88801400e-02  6.57478869e-02
 -5.55051267e-02 -3.99550311e-02 -4.18151468e-02 -6.22183606e-02
 -2.17101589e-01  1.20554224e-01 -2.52283812e-02  8.46132785e-02
 -5.01578897e-02  4.00312841e-02 -9.98540875e-03 -8.65262896e-02
  3.81478630e-02  9.60793942e-02  5.21107065e-03  5.17573580e-02
  1.17582418e-01 -2.49327403e-02  6.91911578e-02  1.24574294e-02
 -9.08024386e-02 -1.26379356e-01 -7.96232559e-03 -6.18758500e-02
  1.00178763e-01 -3.13638479e-01  3.14026810e-02 -1.43152848e-01]		[Pd+2]	[ 0.14041069  0.3567664  -0.0714295  -0.0595865  -0.37825164  0.1885235
  0.0874495  -0.0599942   0.2868669  -0.3700963  -0.11062452 -0.13655323
  0.12126336 -0.17875312 -0.06284396 -0.1862843  -0.42000213 -0.29324156
 -0.3978432  -0.00364642 -0.34022546  0.00313582  0.169777    0.3784982
  0.21572915  0.23960274  0.276466    0.10786707  0.06349266  0.11259237
  0.05274547 -0.12798648  0.20566936  0.11025878  0.00114631  0.13011825
  0.04729344  0.09001765 -0.01867011 -0.00606937  0.16973387  0.20737605
 -0.18292019  0.27526516  0.00610959  0.14128864 -0.076152    0.04618532
 -0.12349269 -0.10819594 -0.12883088  0.1528737   0.18049057 -0.06241568
  0.10777787 -0.02395599 -0.20875093 -0.13271418 -0.09113981 -0.13497716
  0.1043905   0.1715194  -0.06316838 -0.28131443 -0.33855388 -0.18866277
  0.16214436  0.04736747 -0.23827177 -0.08313846  0.06361818  0.11197096
 -0.22674339 -0.01563519  0.04605367  0.02147286 -0.07479808 -0.02372013
 -0.04207725  0.19960237 -0.33126646  0.24056305  0.14367759  0.12824275
 -0.04153278  0.05724852  0.16109906 -0.00516865  0.32614678  0.28033277
 -0.12014499  0.07881052 -0.1014177   0.14835837  0.00193465 -0.09901389
  0.10666851 -0.24388896  0.0264975  -0.41425732  0.11766513 -0.07860222
  0.2694543  -0.23939838 -0.17519115  0.13850923 -0.07055226 -0.21133116
  0.08271266  0.00404304 -0.04886024 -0.0233709   0.07080171  0.14452216
  0.20545805 -0.1610317   0.20546935  0.02025394  0.24385856 -0.04936714
  0.10546271 -0.01775222 -0.00797212  0.05688165  0.0695718  -0.04819152
  0.2278506  -0.218452  ]		[K+]	[-4.39636528e-01 -2.86833167e-01  1.49100274e-01  2.45841071e-01
 -6.14578612e-02  1.40478402e-01  1.48877859e-01 -6.69585615e-02
 -1.32959828e-01 -5.16806468e-02  1.61566719e-01  4.78809774e-02
  5.76925874e-02  1.29029928e-02  3.04125965e-01  3.46177779e-02
 -2.30811238e-01  1.60056919e-01  8.90663266e-02 -3.02002102e-01
  1.28372675e-02  2.80537531e-02  5.29420190e-02  2.86486838e-02
  2.70491373e-02  1.57377347e-01  1.13407992e-01  1.37503788e-01
 -1.12495683e-02 -4.35722200e-03 -1.56530857e-01 -9.12961885e-02
  1.76030070e-01  4.36185971e-02 -7.26694316e-02  2.44170845e-01
 -1.22480225e-02  3.61311249e-02 -6.07030056e-02  5.66338710e-02
  3.08139957e-02  1.63966566e-01 -9.61435139e-02  1.34361640e-01
  6.11212552e-02  8.61990452e-02  1.63114429e-01  3.66516709e-02
 -1.51227951e-01  5.05854264e-02 -4.78691347e-02  3.26162726e-02
  1.53772265e-01  2.54830401e-02  6.61609843e-02  1.27439037e-01
  7.05846542e-05 -2.87514506e-03  3.19407657e-02 -1.14167370e-01
  4.74488027e-02  1.45624420e-02 -4.01254296e-02 -4.95234244e-02
  1.18058950e-01 -2.24753857e-01  4.47173677e-02 -1.34057179e-01
 -2.02632979e-01  1.00488305e-01  1.81408469e-02 -3.82045209e-02
  7.02054892e-03 -6.53064698e-02  1.35301962e-01  2.77291182e-02
 -5.09805381e-02  9.97861475e-02  8.09113756e-02  2.57108986e-01
  1.85778230e-01 -1.82065949e-01 -6.23856038e-02 -2.25034798e-03
  2.10280460e-03  1.78332962e-02  8.42017382e-02 -9.61721167e-02
  1.54855072e-01 -4.49120328e-02 -2.59324051e-02  2.82134805e-02
 -2.15985700e-01 -1.24736372e-02  8.37462246e-02 -1.05973020e-01
 -6.58424124e-02 -1.08265365e-02 -1.00790307e-01 -1.21571191e-01
 -1.54026315e-01 -3.95827070e-02  8.14757124e-02 -1.26778319e-01
 -1.18602097e-01  2.06249878e-01 -1.34898946e-01 -1.32142082e-01
  5.42608351e-02 -8.76796246e-02 -1.46404058e-01 -8.68671313e-02
  5.08301333e-02  1.11027986e-01  1.60132825e-01 -4.39680815e-02
  2.42219537e-01  7.34246299e-02  2.29486495e-01 -4.62519713e-02
  3.94520089e-02 -1.18338682e-01 -2.22213119e-01  4.90456400e-03
  5.08812144e-02 -1.18432038e-01  6.23183623e-02 -1.50973156e-01]		B	[-0.38667104 -0.03891884  0.03592193 -0.20784318 -0.1551854   0.15694137
  0.04650033 -0.1734308  -0.34131527 -0.13788503  0.0829573  -0.10659683
 -0.01407755  0.15925673  0.09302314  0.02198478  0.36008975 -0.2002817
  0.10074615 -0.07434099  0.07341966 -0.05564013  0.10681907  0.10060663
 -0.10238609  0.42431718  0.32840073  0.0508338   0.26688823  0.05820405
  0.15035449 -0.2629958   0.09490722  0.06421353  0.00511475  0.11408108
 -0.15960829  0.14950678 -0.10831907 -0.16081843  0.06561653 -0.29169303
 -0.10556627 -0.05492946  0.6011254  -0.1378938  -0.02117137  0.04185434
  0.13936204  0.17193967 -0.3933215   0.33352274  0.15980095  0.21761553
  0.24231915 -0.22717108 -0.18274227  0.08429389 -0.02951053 -0.09892084
  0.0643647   0.02950196 -0.04071989 -0.2372081   0.10899302 -0.04511037
 -0.2158596  -0.0919068   0.0952456   0.17701297 -0.00424504  0.09964389
  0.022165    0.22405285 -0.14419094 -0.09965057  0.13819736  0.00294552
  0.1801577   0.08253651 -0.15111572  0.27415615 -0.19911411  0.0338389
 -0.0885547  -0.00062082  0.0670476   0.07142965  0.2479243   0.13731435
 -0.1352026   0.02170601  0.3076825  -0.02940222 -0.15679955  0.16217197
  0.04305023  0.10579406  0.07987157 -0.16098635  0.29710513  0.10640115
 -0.1110431   0.00412067 -0.0942694   0.06007123  0.03726882 -0.21147227
  0.12820159  0.10157786 -0.00582449  0.11643229  0.10299864  0.01129082
  0.1180506  -0.1291104  -0.00136726 -0.06164109  0.33310863  0.12579373
 -0.3092831  -0.04396053 -0.2876856  -0.19511868  0.01919648 -0.54799867
  0.06593423 -0.02733981]		4	[-0.01024764 -0.07527684  0.30192685 -0.07955316  0.17471345  0.06267879
  0.13532971  0.08155289 -0.14876515 -0.00886272 -0.05636595  0.04543255
  0.01101517  0.14213385  0.00543089  0.21626505 -0.06899939 -0.14634955
  0.04718304  0.03259414 -0.25940913  0.01337206  0.22976951  0.17961918
 -0.04842142  0.380912    0.094832    0.2380288   0.14829552 -0.06129718
 -0.07391068 -0.14952452 -0.00875888 -0.08094428  0.0026552  -0.07221167
 -0.03621285  0.2723321   0.06448146 -0.17778432 -0.05439404  0.06555717
 -0.07849621 -0.05967858  0.12492093 -0.14888585  0.03635811 -0.05905385
 -0.02651646  0.25592682 -0.01505394  0.07920529  0.01497343  0.06206857
  0.0095768  -0.10276632 -0.02866193 -0.13584076 -0.06112154 -0.06651995
  0.06353325  0.02381063 -0.05730316 -0.07305333  0.00659804 -0.19010364
  0.0819775  -0.11548176 -0.0441712  -0.01091425 -0.12257282  0.05092952
 -0.2106204  -0.07001383  0.03671531  0.02398286 -0.02513286 -0.06386044
 -0.05688602  0.14965995 -0.203756    0.09330732 -0.04439968  0.04691122
  0.15670879 -0.04727003  0.21366599  0.05851563 -0.17982106  0.1449453
  0.02017448  0.04249342 -0.07365945 -0.00409257  0.05120452 -0.0076054
  0.1526309   0.04225367 -0.00455551  0.06305972 -0.09075417  0.08300555
  0.05649535 -0.09806449 -0.16838911  0.0476246  -0.0034375  -0.03313272
 -0.06331296  0.02637198 -0.05131295 -0.13077505 -0.02530909 -0.00431445
 -0.05091677 -0.03302123 -0.06560744 -0.00403659 -0.01682306  0.07601904
 -0.04221821 -0.03817256  0.15118985  0.00393057  0.15708974 -0.08593589
  0.07294983 -0.06206278]		Br	[-1.55139968e-01 -1.30668946e-03 -3.21381688e-02  2.00451538e-01
  9.50921550e-02  1.22949384e-01  1.38426960e-01 -1.86666995e-02
 -3.76718119e-02  3.43277268e-02  1.01016961e-01 -1.85584053e-01
 -4.09788579e-01  8.89824182e-02  1.09785140e-01 -1.01660773e-01
  1.23926453e-01  8.18863139e-02  3.45050514e-01  3.48111928e-01
 -1.63728565e-01 -1.14717692e-01  1.56090617e-01 -4.76696342e-02
  8.53062347e-02 -5.88859990e-02  5.89004979e-02  2.67812964e-02
 -7.05145076e-02 -4.31907773e-02  1.34457678e-01 -1.85583845e-01
  1.30938575e-01  4.41184044e-02  1.48741454e-02  1.75905317e-01
  7.38853440e-02  7.12915584e-02  1.27483904e-01 -1.97610125e-01
 -2.54883082e-03 -1.50361344e-01  1.24362230e-01  1.04910769e-01
  1.03884377e-01  1.05494395e-01  5.50426403e-03  2.26831771e-02
 -9.46651176e-02 -1.52148306e-01 -1.70670837e-01  1.45697474e-01
  1.73962817e-01  6.45793928e-03  2.05816724e-03 -1.73911671e-04
  5.32970689e-02  9.02353227e-02  1.32463470e-01 -1.89171389e-01
  2.94694398e-02 -5.30350916e-02 -1.97034497e-02 -9.83132236e-03
  1.60772219e-01 -1.94680169e-01 -6.25859797e-02 -1.50384083e-02
  1.77542064e-02  2.58699983e-01  3.04163992e-02 -4.40793261e-02
 -3.44351232e-02 -1.96394354e-01  2.11063661e-02  5.65001778e-02
  6.61669970e-02 -3.00258235e-03 -8.24294537e-02  9.73066986e-02
 -9.54355001e-02  6.80233538e-02  1.42908946e-01  1.27168804e-01
  2.89637242e-02 -7.53469812e-03  2.31669351e-01 -6.55893162e-02
  9.76667479e-02 -2.06832308e-02 -6.58725351e-02  4.70504910e-02
 -1.46011949e-01  1.38181448e-01 -6.37458339e-02  1.06434382e-01
  1.31417155e-01  7.18207136e-02 -1.58836424e-01  6.48926422e-02
  9.55092460e-02 -1.12417102e-01  7.98435137e-02 -2.36504912e-01
 -6.94603175e-02  2.76631266e-02  1.07210018e-02 -1.43815637e-01
 -3.16233076e-02  4.54939492e-02  2.37271357e-02  3.92209776e-02
  2.77620014e-02  6.02252595e-02 -1.65377349e-01 -4.55792062e-02
 -5.19594401e-02  6.79502934e-02 -1.67232648e-01 -3.48049635e-03
  9.65472534e-02 -3.44442040e-01  1.34185150e-01  5.07431142e-02
 -1.58623029e-02 -8.33292827e-02  1.71023719e-02 -1.66290328e-01]		6	[ 0.16150828 -0.16288014  0.17756549 -0.09942803  0.3282815   0.17886683
 -0.05935264  0.12361402 -0.20409678  0.04130498 -0.10488711  0.06064342
  0.09189325  0.10167962  0.20115636  0.13716611  0.04291307 -0.13169372
 -0.01411718 -0.04200424 -0.11461101 -0.02379462  0.06097088  0.07804607
  0.00279411  0.3013167   0.08782775  0.34405106  0.1823996  -0.07033484
 -0.04084698 -0.0997716  -0.01609974 -0.08378962  0.00780248 -0.07122616
 -0.04392609  0.28956318  0.02165316 -0.2095711   0.02530503 -0.06086851
 -0.14013845 -0.1510646   0.07237065 -0.15127976 -0.02775522 -0.08795395
  0.03149823  0.34783432  0.0460695   0.16226648 -0.0379505   0.03700978
  0.05155749 -0.12195699  0.00787805 -0.1567371  -0.10862643 -0.03344072
  0.08941168  0.00456075  0.01347992 -0.03697827 -0.12687711 -0.12684105
  0.0428485  -0.06650651  0.00844875 -0.1425724  -0.14814246  0.07332396
 -0.05393176 -0.17029513  0.03548447  0.00836858  0.10006114 -0.06868741
  0.01992824  0.14583676 -0.1263343  -0.00573953 -0.16534214  0.01315619
  0.0939435  -0.03604734  0.29614472  0.00055916 -0.17821184  0.1701082
  0.05403728  0.08319721 -0.08323931 -0.0522453   0.15718107 -0.04551177
  0.1315834   0.044352   -0.00562576 -0.0556605  -0.1091245   0.1302391
  0.04876766 -0.13386063 -0.22552818  0.21392396 -0.14725177 -0.12168407
 -0.11398926 -0.08224052 -0.0805121  -0.14714542 -0.07512009  0.26182652
 -0.00767789 -0.10967255 -0.02842146 -0.02577332  0.06968501  0.08901356
  0.10680906 -0.13697518  0.1894428  -0.1054427   0.35946062 -0.09276533
  0.16703564 -0.13482794]		5	[-0.02347644  0.08658153  0.14675783 -0.02303696  0.17300493  0.18470445
  0.10874061  0.10129138 -0.13824923  0.12296677 -0.01326854 -0.04813109
  0.1143788  -0.11520512  0.15652707  0.1198512  -0.03308321 -0.21592917
  0.09643617  0.08513436 -0.19650261  0.17177613  0.0219031   0.1371575
 -0.00748834  0.42936727  0.10665577  0.33744505  0.24253045 -0.1252381
 -0.05542336 -0.02258576 -0.14701295 -0.0905563  -0.0408888   0.009673
 -0.07144641  0.3401345   0.05893711 -0.09559925 -0.08849461  0.14177097
  0.02341558 -0.04495491  0.126785   -0.16472147  0.03303118 -0.02247349
 -0.03642572  0.24303585  0.09035814  0.03747297  0.003863    0.02796882
 -0.04022635 -0.12436567 -0.03559536 -0.14933804  0.00726139  0.02098434
  0.17374343  0.15904887 -0.09740536 -0.10695457 -0.01792509 -0.09305161
  0.01692396 -0.18432324  0.01241452 -0.0923294  -0.19667232 -0.05891156
 -0.18287234 -0.16050172  0.2180945   0.03259847 -0.20614037  0.05024608
 -0.03569081  0.31169978 -0.15152647 -0.03216979 -0.11710034 -0.04701734
  0.2105987   0.0307366   0.15381642  0.06985737 -0.11192714  0.03915226
  0.06488293  0.05265669  0.06224582 -0.13134189  0.04306648  0.03242698
  0.04350467  0.09468674  0.03903362  0.04463055 -0.13291226  0.17507373
 -0.12253407 -0.08727602 -0.16811918  0.10922447 -0.07797621 -0.21756771
 -0.03646177  0.0250701  -0.11034942 -0.0390296  -0.01149197  0.11166696
  0.02453658 -0.15558214 -0.11327581 -0.00700558  0.05827945  0.04105192
  0.01604709 -0.11149215  0.3829162  -0.01272507  0.1059889  -0.13304117
  0.11426176 -0.11531719]		[B-]	[-5.79470873e-01 -1.86516777e-01 -1.72524616e-01 -1.31447916e-03
 -9.25645977e-02  7.74947166e-01  2.11721640e-02 -1.85409077e-02
 -9.12757143e-02  1.04225166e-01 -9.48154032e-02  1.58112776e-02
 -1.35258421e-01  3.56063336e-01  1.53809741e-01  1.32016584e-01
 -1.59814373e-01 -2.98363000e-01  1.65315628e-01 -5.83692908e-01
 -7.16290548e-02 -7.63039440e-02  1.12711437e-01 -1.86597481e-02
 -7.92623556e-04  4.47378129e-01  3.64594102e-01 -1.68524101e-01
  2.37653375e-01  1.08343713e-01 -2.79926024e-02 -6.41231835e-02
  9.48433802e-02  5.31530865e-02 -1.03134930e-03  2.42768750e-01
 -9.31086168e-02  2.53057685e-02 -1.53203443e-01 -4.86428663e-02
  6.04101159e-02 -2.24982992e-01 -3.92632782e-02 -2.34422740e-02
  4.13544387e-01 -1.29076451e-01  7.95590356e-02  2.10886952e-02
  1.10372238e-01  8.31124634e-02 -2.93739170e-01  2.06257820e-01
  9.80257839e-02  1.37900323e-01  1.53958842e-01 -1.35460630e-01
 -9.99480113e-02  2.30309293e-02 -7.58214891e-02 -8.32826123e-02
  1.55352294e-01 -8.08894932e-02 -4.24447469e-03 -1.46094739e-01
  2.40412444e-01 -2.61857182e-01 -1.17041105e-02 -1.81139186e-01
 -1.56422168e-01  2.40746260e-01  2.74692625e-02  9.18694362e-02
  6.91057323e-03  2.19483852e-01 -3.78712490e-02 -6.69649318e-02
  8.55862647e-02  1.18945306e-02  2.10566461e-01  1.70189992e-01
 -4.14111204e-02  2.69364327e-01 -2.19240084e-01  3.43454741e-02
 -1.23946406e-01  3.57198976e-02  5.53874075e-02 -3.23247723e-02
 -2.29164362e-02 -3.83373583e-03  1.16873449e-02  1.01649143e-01
  3.74864519e-01 -6.84225708e-02 -1.10573150e-01  5.10697104e-02
  1.29993051e-01  2.45860115e-01  8.98179486e-02 -2.80823499e-01
  2.53770828e-01  2.72983402e-01 -1.75165132e-01  3.17688398e-02
  3.30287218e-01  8.54516868e-03 -2.31047124e-01 -1.22879609e-01
  1.65602058e-01 -6.20164908e-02 -5.33593781e-02  3.06572556e-01
  2.66251108e-03  1.31433278e-01  2.09648520e-01  1.11315139e-01
 -1.13577314e-01 -5.07848790e-06  2.32625589e-01 -7.93558955e-02
 -8.20649862e-02 -5.17746154e-03 -7.89513439e-03  1.38764992e-01
 -4.41360846e-02 -3.90340835e-02  4.34727445e-02 -1.27358750e-01]		Cl	[-0.00427243 -0.0463747  -0.05832642  0.28669357 -0.29165727  0.26877597
 -0.0760579   0.07242969 -0.05603875 -0.07192797  0.09708221 -0.04684925
  0.06757997 -0.09554286  0.14149477  0.04706294  0.01779728  0.09418914
  0.13599339 -0.06362493 -0.04535566 -0.08449449 -0.03475062  0.0288443
  0.01163809  0.06477685  0.10228388  0.04462746  0.04084606 -0.00679657
  0.08909408 -0.1673691   0.07098319 -0.00187622 -0.03313892  0.0595747
 -0.06917392  0.02715727 -0.18078308 -0.07077184  0.08889313  0.03493083
 -0.18547685  0.13819826  0.18964088  0.00485188 -0.0089951   0.04084473
 -0.12521678 -0.06934734 -0.09346005  0.11090044  0.16540463  0.03229686
  0.15782586  0.01479315 -0.02027486 -0.04950004  0.08027619 -0.07789451
 -0.07196099  0.16172889 -0.0988105  -0.06044194  0.09425493 -0.1460218
 -0.1200807  -0.11801585  0.05797737  0.03339814 -0.0924047  -0.01545427
 -0.02164545 -0.17722316  0.04429988  0.04290686 -0.05372746  0.01354428
 -0.11416925  0.04429983  0.0156445   0.00932322  0.08892745  0.02084664
  0.1231546  -0.08705294  0.15361282  0.00578633 -0.00214405  0.04733562
 -0.01058084 -0.03596194 -0.2678787   0.18436854 -0.1267984   0.01382418
  0.13766874  0.00311875 -0.11138179  0.08970492 -0.1365541  -0.11554592
  0.1590428  -0.20343913 -0.26287377  0.04250675  0.0916891   0.06284154
 -0.15986459  0.07640144  0.05564645 -0.13689232  0.04428532 -0.01488791
 -0.11604465  0.03202292  0.02423416  0.06361564 -0.14667167 -0.05317717
 -0.09621315 -0.24943769 -0.21745755  0.0497723  -0.11022554 -0.17052142
 -0.08410192 -0.01204938]		[Na+]	[ 0.18543658  0.06976234  0.21231642  0.25091973 -0.1387035   0.07253473
  0.4821514  -0.04445843 -0.21688692 -0.26712742  0.2583352  -0.07662658
 -0.27317342  0.01336132  0.31415156  0.0664519  -0.10956071  0.4185584
  0.03425572  0.04133189  0.00320573 -0.2016812  -0.01495005  0.06130278
 -0.02187852  0.35154635  0.02339658  0.24176256  0.26944935 -0.17762247
  0.1476253  -0.17628211  0.06844654 -0.10726272 -0.01747051  0.10349162
 -0.02362102 -0.07304277 -0.01875731  0.233587   -0.13906237  0.05757011
  0.01444572 -0.08546735  0.1540442   0.08713154  0.27476287 -0.08632102
 -0.02109033  0.16004564 -0.10325933  0.11363378  0.13508831  0.22791445
  0.01711886  0.2097316  -0.00448402 -0.08128511 -0.15630269 -0.13751265
 -0.0144977  -0.14522354 -0.05120799 -0.08580061  0.02667235 -0.12523998
  0.18218681 -0.21618813 -0.2739535   0.01068467  0.01155883 -0.03988989
 -0.06945905 -0.17957653  0.1413517  -0.03214915  0.03169522 -0.0342374
  0.00620249  0.21478882  0.22733554 -0.26325727 -0.06887776  0.13523054
  0.05027318 -0.07743469  0.18563798 -0.03480807  0.07731014  0.05397027
 -0.06732585  0.16258897 -0.09650078 -0.14727893  0.32073817 -0.03556202
 -0.07221964  0.05737927  0.07838529 -0.04126107  0.12267829 -0.06538806
  0.01006657 -0.12158099 -0.14351137  0.16486125  0.01905198 -0.01290209
 -0.00233479 -0.09324793 -0.16452885 -0.11998125 -0.03378035 -0.0244198
  0.14204824 -0.13303272  0.17712237  0.12802365  0.23849775  0.04210236
 -0.35009906  0.2806707  -0.13452762 -0.08068286  0.10098478 -0.14016281
 -0.02569     0.04146174]		[OH-]	[ 0.28747538 -0.06116635  0.18998317  0.7622772   0.01086375  0.05520891
 -0.16774411 -0.26131752 -0.12852216  0.21373226  0.18230277 -0.17667575
  0.2374108  -0.03970063 -0.00691214 -0.16648069  0.14453024 -0.22526854
 -0.26282293 -0.1673853  -0.06616936 -0.1769601   0.37856534  0.16503125
  0.19289652  0.06413556  0.2059664   0.17549402  0.09252327  0.05591261
 -0.27701506  0.10681224  0.12920508  0.00922422 -0.07108767  0.35322118
  0.1075048  -0.01164655  0.02543604 -0.04209004 -0.05215365 -0.2813844
 -0.04125146 -0.08097765  0.1495499  -0.04945252  0.06299572  0.04942175
 -0.10380327  0.17094637  0.14263736  0.09110522 -0.04929693 -0.19128345
 -0.02306862 -0.08359949  0.15622775  0.11749981  0.04528387 -0.00721163
  0.08195736 -0.09847514  0.02001003 -0.18152995  0.31590015 -0.4788336
  0.31959686 -0.24261895 -0.5076872   0.3286116   0.1096633   0.1643044
 -0.09620902  0.09155272 -0.05111436  0.13139892 -0.06870622 -0.05947564
 -0.03745779  0.03309708  0.00834527  0.05589937  0.02849664 -0.09416752
  0.04827147 -0.06424461  0.14208265 -0.00523285 -0.08538791  0.01877663
  0.28840673 -0.01893933 -0.13571468 -0.01684259 -0.00792463  0.42247602
 -0.05098873  0.09359923 -0.24402109 -0.04314401 -0.44998994  0.00919943
  0.00155762 -0.23190768 -0.13141473  0.06737251 -0.10915864 -0.2719866
  0.157895    0.16720973 -0.04480839  0.121046    0.14456753  0.06947725
  0.27609748 -0.10392303 -0.03622418 -0.06527585  0.13066031 -0.18375742
 -0.04235212 -0.23001076 -0.27111998  0.03372154 -0.13931277 -0.20590514
  0.0423805  -0.05136742]		#	[-0.10935237  0.12967983 -0.2273779  -0.02001273 -0.09872029  0.0060814
 -0.02913185 -0.19636588  0.10508178  0.06189748  0.06255469 -0.02185784
 -0.2986612   0.01676352  0.01164773  0.2133404  -0.18272492 -0.12147779
  0.34556642  0.05440386 -0.19716921  0.17470732  0.08296419  0.1429795
  0.00534921  0.2455565   0.19760004  0.21847098  0.21467517  0.0446403
  0.15930389  0.03033737  0.00138626  0.19721347 -0.11084573 -0.02320669
 -0.26516464  0.00932988 -0.37330827  0.11454733 -0.09156245  0.10286266
 -0.11335616  0.10314348  0.17502102 -0.04827046  0.12080729 -0.01630197
 -0.127767    0.25820655 -0.06148473  0.13316937  0.07699408  0.03103653
  0.23394164 -0.02536868 -0.0752744  -0.12047682 -0.10749146  0.04140541
  0.04786406  0.00039178 -0.08506914 -0.13522428  0.03321571 -0.10186012
  0.04017714 -0.13236305 -0.07917242  0.00356435 -0.01877937  0.05970328
 -0.1382267   0.02259134 -0.04393636  0.01352444  0.11297286 -0.07469568
 -0.04401419 -0.03260676 -0.06897879  0.11085573 -0.05785824  0.04297245
  0.14427423 -0.0978986   0.10555515  0.06350005 -0.05967343  0.18306535
  0.10800982 -0.10246097 -0.13395576  0.01879658  0.01138339  0.01438725
  0.01939916 -0.14675273  0.00773041  0.03894226 -0.35839027  0.01537346
  0.13954675 -0.03264188 -0.29308826  0.2561539  -0.09056743 -0.09778995
 -0.09490417  0.03954413 -0.15725833 -0.15170036 -0.0062162   0.0574192
  0.10312793 -0.28558192  0.1161067   0.00950072 -0.13458346 -0.07119709
  0.01604448 -0.08331788 -0.16219734 -0.16444026  0.03953043 -0.07813881
  0.0725399   0.01996632]		S	[-1.92269385e-02 -2.27512762e-01 -2.54612327e-01  1.75951168e-01
  8.34625885e-02  2.84869671e-01 -4.54924628e-03  4.47433256e-02
  2.28862867e-01 -1.46432504e-01 -2.32761763e-02 -2.59676754e-01
 -1.70936227e-01 -7.43306130e-02  3.25710744e-01 -1.94290698e-01
  8.04452039e-03  3.19894105e-01  2.39981085e-01  1.74342141e-01
 -2.17346504e-01 -8.81191492e-02  8.05739313e-02 -9.99486446e-02
  7.80711919e-02  1.01993449e-01  1.37239769e-02 -8.03765468e-03
  7.90304616e-02 -5.55855455e-03 -3.22147422e-02 -1.21298023e-01
  2.32533962e-01 -1.06300317e-01  1.12234466e-02  2.52138376e-01
  1.64014727e-01 -1.05520539e-01  1.15183912e-01 -1.80937946e-02
  1.18871175e-01 -4.53948863e-02  1.20696640e-02  1.10094413e-01
  6.49560541e-02  1.16765767e-01 -1.91902518e-02  1.68884676e-02
 -1.10823043e-01 -2.12399870e-01 -4.68242653e-02  1.30726889e-01
  3.36588353e-01  4.03628089e-02  6.32233098e-02  9.79119688e-02
  6.61944747e-02  1.71100706e-01 -2.72501465e-02 -3.69428724e-01
  1.68131158e-01 -2.04749092e-01  4.59314734e-02 -1.63690254e-01
  5.86954653e-02 -2.14025289e-01 -1.66145980e-01  3.15116951e-03
  5.98624125e-02  3.51674080e-01  6.61817417e-02 -2.46398468e-02
 -2.88112997e-03 -1.02861568e-01  1.06566273e-04  1.72135569e-02
 -2.95861699e-02  5.62124373e-03 -4.29553650e-02  1.10559590e-01
 -4.33451831e-02 -4.57240492e-02  1.08150594e-01  5.14285527e-02
 -1.32392235e-02  5.28763048e-03  1.38199419e-01 -8.08126926e-02
  8.47223867e-03 -1.25806212e-01 -5.29171899e-02  1.12323329e-01
 -2.04520419e-01  1.04072496e-01 -7.07399845e-02 -5.34119084e-04
  1.54682726e-01  1.87963367e-01 -2.72547603e-01  4.39133979e-02
  9.19392854e-02 -7.72802755e-02 -5.10295061e-03 -3.06146860e-01
  1.38192065e-02 -6.96236547e-03 -4.25464064e-02 -2.17527032e-01
 -1.88594703e-02  1.07418291e-01  2.09381972e-02  1.65165395e-01
  4.88423519e-02  5.60682528e-02 -9.86106694e-02 -7.56925717e-02
 -2.71539181e-01  7.20184017e-03 -2.40906671e-01 -9.92603153e-02
  1.40319064e-01 -2.79269665e-01  2.22759351e-01  7.16479644e-02
  1.60109252e-01  4.80404077e-03 -8.74158517e-02 -2.12992162e-01]		I	[-0.24463895 -0.06389862 -0.18544634  0.27955624  0.07165845  0.43921503
 -0.05148883  0.07644074  0.1496229  -0.03159228  0.12002409 -0.23593605
 -0.17309691 -0.03372281  0.10742263 -0.27710786 -0.14431049  0.4089917
  0.20007959  0.26913193 -0.10168966 -0.0094427   0.20918107 -0.16070057
  0.09400342  0.03422766 -0.0429663  -0.01377334 -0.13216113 -0.01537784
 -0.11356083 -0.18048772  0.19259797 -0.08897071  0.00263789 -0.01387441
  0.16457517 -0.04301395  0.1468519  -0.06108829  0.04557334 -0.02057916
 -0.03070459  0.14365757  0.11109544  0.07761459  0.0193872   0.03326883
 -0.10555641 -0.05444381 -0.1124456   0.10155196  0.24901825  0.03919371
  0.00486513  0.01723313  0.01465214  0.07437704  0.07776347 -0.19710307
 -0.0188277  -0.0396527  -0.04316694 -0.08772048  0.18092729 -0.333371
 -0.00196859 -0.08120408 -0.10446651  0.25319907  0.00784266  0.02161805
 -0.05205273 -0.05741142 -0.03303929 -0.02253487  0.00097219 -0.05926517
 -0.08667354 -0.01401977  0.00449089 -0.09969919  0.01462302  0.0508345
  0.05078015 -0.06585392  0.07854438 -0.02479125 -0.07926883 -0.02315706
  0.0663524   0.08322079 -0.12509508  0.12871549  0.01132251  0.08241766
  0.20021464  0.12163983 -0.24575578  0.00960574  0.1294728  -0.07328732
  0.01911459 -0.22846314 -0.1458812   0.10732781 -0.06337369 -0.13758728
 -0.09726676  0.07518824 -0.04392141  0.03441139 -0.00248427  0.08203442
 -0.12991855 -0.07083669 -0.22779442  0.04376261 -0.2757378  -0.06331246
  0.14061207 -0.21906847  0.03296037  0.03361543  0.10198604 -0.08357196
 -0.06828421 -0.16926749]		[CH-]	[-0.4092441  -0.27927774  0.20536985 -0.42365277 -0.59857196 -0.11669131
 -0.02218949 -0.09797301 -0.09922116 -0.3678216   0.27423057 -0.2522903
 -0.4536032  -0.12388499  0.18607357 -0.37174067  0.03768735  0.38564795
  0.19236061 -0.11516658 -0.04603979 -0.19242002 -0.23178521  0.17408909
  0.06792045  0.14241911  0.32607502 -0.2615872   0.4358082   0.1626998
  0.33813387 -0.31461063  0.5345416   0.10519532  0.02479116  0.6136615
 -0.1214099  -0.38237625 -0.32550582  0.25133604 -0.17445797 -0.09609377
  0.16757365 -0.00803667  0.3681902  -0.01024757  0.3149074  -0.06117551
 -0.15619497 -0.5436662  -0.3391229   0.1752442   0.31090057  0.136221
  0.13426824  0.18133137 -0.01842427 -0.1830983   0.27774063 -0.26289222
 -0.21649165  0.3281252  -0.306289   -0.47421286  0.4480603  -0.48501346
  0.15211532 -0.38845173 -0.01387702  0.5670378  -0.1166937  -0.08285963
 -0.25461027 -0.1891344   0.088482    0.11084061  0.13956401 -0.07352842
 -0.17023522 -0.03655354 -0.2332371   0.566644    0.72466254  0.39486405
 -0.10688724  0.02787696  0.27631742  0.10466179  0.17992307 -0.1849349
  0.14698046 -0.08347467 -0.13226144  0.45845106 -0.48139974  0.30780962
  0.4195409   0.14399642 -0.40127954 -0.05425679  0.00204181 -0.17264546
  0.13296266 -0.37900954 -0.11040445  0.02107432  0.18281624  0.22126828
 -0.34132028 -0.17120636  0.3987887  -0.16710626 -0.0399332   0.39341804
  0.03393645 -0.0747091   0.32597822  0.07627902 -0.11900339 -0.27941775
  0.20187844 -0.1081134  -0.5239467  -0.40139207 -0.32991737  0.3309363
 -0.1006447   0.26179639]		7	[ 0.03116741  0.0926505  -0.26279843  0.10002118  0.04306225  0.4692013
 -0.2847622   0.9610426  -0.20015101 -0.39151177 -0.24784793 -0.12229047
  0.37607935 -0.22532636  0.27853084 -0.13969631  0.07910568  0.35977173
 -0.11266273  0.18795943  0.03492267  0.34686655  0.06130121  0.42087263
  0.04942535  0.2016729  -0.13442117  0.095011   -0.02816273 -0.38954106
 -0.16612162 -0.19056007 -0.07928215 -0.28574005  0.04552989 -0.23053499
  0.04081322  0.25834814  0.05868005 -0.29807538  0.11981501 -0.01913558
 -0.29049575  0.12603834  0.286518   -0.08518104 -0.04294181  0.13558215
 -0.13982445  0.16351262  0.04939626  0.09753107  0.22594656 -0.0046948
  0.09816015 -0.21934119  0.0349313   0.1059638   0.1587563  -0.19771881
 -0.05523016  0.1650198  -0.04676942 -0.02831623  0.14069578 -0.20812191
 -0.36243102 -0.09620774  0.22972608  0.07305741 -0.2295277   0.02169085
  0.10280364 -0.12387091  0.12932734 -0.04106068 -0.28000233  0.10817101
 -0.02419695  0.03883769 -0.07450533 -0.05508562 -0.35976046 -0.26248258
  0.27648345 -0.09314018 -0.03367361  0.03120293 -0.3117607   0.08484256
 -0.06487513  0.06973144 -0.15432915  0.05760922 -0.02871045 -0.17342065
  0.2240609   0.11353656 -0.2227649  -0.08721493 -0.03332739  0.14976299
  0.11458518 -0.17508873 -0.39896286  0.12573609 -0.12516217 -0.2050041
 -0.21044485  0.26912352 -0.01766552  0.0123994   0.00487566  0.09101824
 -0.25006327 -0.05090823 -0.72833717 -0.13935485 -0.47193956  0.01023386
  0.06011141 -0.33215547 -0.17365532  0.23457912  0.21575241 -0.21270655
  0.02125542 -0.19990775]		[F-]	[-0.01419299 -0.3225194   0.12980655 -0.15080726  0.10389189  0.35253224
  0.15848438  0.36190403 -0.18155587 -0.05488807 -0.63741183 -0.24025388
  0.01632085  0.12014653  0.80001116 -0.06861936 -0.03574522  0.11538755
 -0.24991591  0.21744365  0.08906687 -0.564379   -0.49857208  0.01300727
 -0.05442031  0.32681802  0.45801213  0.14452386 -0.09993662  0.19085518
  0.00287711 -0.34659082  0.24519454  0.5229466  -0.17935726  0.7861709
 -0.13831866 -0.06747571  0.04152746  0.09050079 -0.2019377  -0.10258538
  0.10097994  0.16093417  0.11607816 -0.05000305  0.05044582 -0.07325894
 -0.03996842  0.0570259  -0.0693737   0.02932289 -0.35766825 -0.15168387
 -0.00441708 -0.19700092  0.0088702   0.05942299 -0.25502494  0.02138729
  0.1191991  -0.20373076 -0.01656781 -0.3149158   0.11624245 -0.2555207
  0.28607017 -0.0594893  -0.34492186  0.2208583   0.1383016   0.1520491
 -0.13421033 -0.02938695  0.02136474  0.03558218 -0.08768887 -0.09105959
 -0.11547522 -0.03449782  0.12904508 -0.12490555  0.07672839  0.05695649
  0.11710051 -0.10656548  0.0548729   0.05530769 -0.00977181 -0.02646653
  0.10761846  0.01275986 -0.24297132 -0.26721898  0.24935311  0.2785474
 -0.432823   -0.10372306  0.01334467  0.19307314 -0.533575   -0.15878925
  0.05548916 -0.11329819 -0.3825853  -0.07305801  0.13490106 -0.1565852
  0.3138494   0.25164303 -0.29711515 -0.154405    0.23302516 -0.41448426
  0.17896599 -0.17236283  0.21094623  0.04810422 -0.04558702 -0.135543
 -0.42196953  0.35521945  0.16262668  0.06861857 -0.11338273 -0.21786757
 -0.03117942  0.02666378]		[Cs+]	[ 0.30746812 -0.10360996 -0.0209686   0.22314753 -0.37489322 -0.26347634
  0.16544892  0.06950822 -0.2507975  -0.22359207  0.996131   -0.23181708
 -0.01400774 -0.3105759  -0.21244809  0.6068887   0.18167499  0.15962318
 -0.3037171  -0.26863903  0.02320062 -0.51766044  0.34928277  0.18265751
 -0.05893098  0.22150092  0.09858061  0.10673114  0.28132716 -0.25674558
  0.28768313 -0.16269964  0.12195526 -0.0428679  -0.06076526  0.3637189
 -0.1363793   0.1504136   0.02750962  0.2612943  -0.15130858  0.29171237
 -0.06434831  0.4959251   0.20201342 -0.0636737   0.1559986   0.05686701
 -0.00104807  0.12404962 -0.16043118  0.0373248   0.18381673  0.08401193
  0.06950809  0.06065003 -0.0034772   0.00587532 -0.20571892 -0.307695
  0.27131137 -0.2752509  -0.09455139 -0.10429689  0.0562726  -0.3685081
  0.02530564 -0.17914994 -0.21031423  0.07162099 -0.06930609  0.03150435
  0.03472611 -0.14979725 -0.02317248 -0.03936121  0.21668948 -0.19722782
  0.10274405  0.12156558  0.13671368 -0.2624558  -0.02055143  0.07731564
 -0.1822805  -0.04113954  0.15202239 -0.00486104 -0.04769569 -0.10418876
  0.11883286  0.19139008 -0.01310239 -0.30115178  0.29229474  0.11932473
 -0.15916246  0.12804542  0.10208533  0.09522063 -0.10816866  0.06976137
 -0.1770451  -0.14032719  0.08359442  0.27866954 -0.40077972 -0.03737341
 -0.05534942 -0.14226422 -0.4041035   0.15342265 -0.19792406  0.3344133
  0.0057538   0.08408058 -0.25824964  0.23583822 -0.08314328 -0.08845215
  0.06895621 -0.15817235  0.08709285  0.06138467 -0.24757425  0.05775875
  0.27481937  0.02806778]		[Li+]	[ 0.1411867  -0.2870587   0.18918909  0.47979274 -0.3256854  -0.2545898
  0.14018616  0.03613462 -0.35727528 -0.11388319  0.26862344 -0.40324354
 -0.08230089 -0.16183917  0.38532004  0.10787818  0.11569282  0.05622573
 -0.30346394 -0.02055962  0.13921009 -0.508869   -0.08016697  0.11220608
  0.03375519  0.14389466  0.16062218  0.29212424  0.14906874 -0.02235937
 -0.03337128 -0.02733397  0.16456118  0.14519134 -0.0905817   0.48811784
 -0.01266502  0.08165198  0.11135068  0.10677721 -0.1315621  -0.03455885
  0.01796458  0.09136938 -0.04394488  0.15924776  0.08474818  0.04752812
 -0.06779536  0.2086939  -0.03975916  0.2347571  -0.07268333 -0.154642
 -0.04576984  0.00189601  0.00324443  0.12039732 -0.06683536 -0.13194121
  0.15716979 -0.14196932 -0.04653477 -0.24613225  0.12661363 -0.30196348
  0.18841308 -0.2240511  -0.2979373   0.13841958 -0.01199381  0.0866852
 -0.00575838 -0.06132301  0.10401665  0.05883317 -0.08914579 -0.00723418
  0.09011943  0.24536026  0.1771379  -0.22613838  0.03745794 -0.06392633
 -0.13341846  0.04280428  0.11483369 -0.02108946 -0.11291549 -0.0364852
  0.13894248  0.17431372 -0.12597357 -0.22566947  0.26625896  0.23362716
 -0.18827082  0.13582471 -0.00916909  0.0127329  -0.25686148  0.01085653
 -0.02675735 -0.20332623 -0.11178486  0.23402593 -0.23324864 -0.162381
  0.09567617 -0.00512038 -0.32056814 -0.0160689   0.0362626   0.12890552
  0.16928275  0.02915617  0.06081473  0.09625079  0.22751123 -0.04581747
 -0.14849846 -0.05081517 -0.15058549 -0.14007123 -0.13858746 -0.21499678
  0.15732889  0.0723793 ]		[Fe+2]	[-0.15267482 -0.88822526  0.17795435 -0.251207   -0.2628198   0.11656642
 -0.33410668 -0.51164967  0.18672541 -0.5554924   0.02006133 -0.3038169
 -0.35743555 -0.25627458  0.12519713 -0.05827004 -0.09917853  0.07513637
  0.11225085 -0.19213349 -0.06206266 -0.17344284 -0.12461894 -0.16731739
  0.05321436  0.49502185  0.09767435 -0.15124121  0.3562128   0.09876235
 -0.14950974 -0.30728665  0.4120605  -0.14825831 -0.06656224  0.24267021
  0.02520585 -0.43046653 -0.21104963  0.08354709 -0.04716997  0.0032483
  0.0211037   0.19373965  0.20866342 -0.01631774 -0.01916286 -0.00915926
 -0.03912868 -0.35901144 -0.24160022  0.20665638  0.23996288 -0.0202859
  0.06754373 -0.04720838  0.09829532 -0.16406542  0.13016663 -0.11227224
 -0.07311119  0.25966647 -0.27070817 -0.37426525  0.60564476 -0.606366
  0.03218539 -0.4726847   0.17501499  0.41258883 -0.3871305  -0.20853032
 -0.24190558 -0.22607662  0.13290238  0.09735468 -0.04067717 -0.01872948
 -0.24921887 -0.14252065 -0.20139672  0.21151745  0.34994167  0.16185552
  0.17274016 -0.02563997  0.06377129  0.07008878  0.23437342 -0.17874058
 -0.00668882 -0.00617726 -0.22510152  0.10960934  0.02810564 -0.00732955
  0.19202311  0.02723517 -0.38673067 -0.07522682  0.05776194 -0.05866345
  0.05737851 -0.26579618 -0.1508535   0.1533552  -0.07902981 -0.15184635
 -0.08983795 -0.23055404 -0.12903596 -0.15325882 -0.02633423  0.19765362
  0.21516316 -0.19536407  0.09369832  0.2727501  -0.03257259 -0.32083377
  0.13482496 -0.2841432  -0.1261074  -0.40916353 -0.30441064  0.40865955
 -0.291948    0.27908036]		